23
-938 448 -595 -125 366 -478 894 980 29 -214 -789 663 -558 -768 -149 295 -779 -419 -763 -67 -112 -711 721
-182 -514 -743 808 -732 794 -174 -114 26 -540 -190 -622 -258 366 15 691 -644 762 -165 -573 348 -127 734
-956 -1 -377 172 -396 995 -747 735 -844 539 611 -376 509 21 -506 94 319 -33 -572 207 -95 29 -727
4 133 -838 563 295 369 -781 482 352 -359 -881 -54 -836 651 16 490 546 -893 51 -315 88 -649 -796
456 -254 -176 -421 -199 -868 -544 -610 -70 -571 471 -974 292 -1000 -547 -318 -191 242 276 -584 -887 -449 848
311 -954 -209 280 -882 -699 364 958 96 416 949 -545 -577 31 615 731 286 749 104 357 693 307 484
520 932 874 -452 52 -943 259 254 634 646 45 987 -553 -35 188 -15 -285 -721 462 -57 532 471 856
-647 -778 -612 -954 -812 907 -235 495 -413 338 666 316 952 -802 -682 -923 -620 904 255 410 552 414 -760
476 941 558 -530 -295 -584 161 -107 -815 -628 914 -817 -55 -839 809 -934 175 -692 -688 391 486 597 -677
582 -580 -145 -913 541 -275 -765 396 771 -175 -161 -470 -749 251 -216 218 -604 -276 521 -97 -234 -114 -966
-296 -606 692 -836 -565 948 -215 -158 813 604 -888 215 -567 -156 583 499 368 132 -301 -911 57 -169 -286
-957 334 -700 -147 -518 970 -341 -659 -172 -885 -230 -913 777 -181 306 737 535 -84 334 907 -926 -707 835
978 -1000 -657 507 810 -601 363 192 -398 257 368 988 208 -157 964 724 -947 -895 -760 841 685 61 670
100 -998 984 -744 -358 241 257 -837 201 94 -381 -85 -700 223 -121 931 -421 152 249 650 -164 94 -832
854 412 585 891 -697 263 -913 -391 -463 -380 336 961 428 -91 885 484 -354 -848 848 666 676 829 287
-466 -228 -372 776 331 951 156 609 -23 -956 -746 -765 -315 819 -178 -441 951 772 -79 -407 710 604 -553
-443 975 -971 -29 433 -992 473 -595 787 -832 635 -143 -682 960 214 988 -542 900 -312 -163 170 575 -779
521 990 703 -453 984 819 705 630 565 -978 -351 992 -653 -235 -144 202 -405 -254 541 -561 -678 341 -585
649 496 72 -920 91 -829 -430 -1000 447 -960 128 -799 728 515 723 -450 -601 -782 -756 19 11 -268 -955
-993 811 -866 448 -481 407 -141 783 -759 -328 -141 221 -10 -232 901 -514 247 -588 -376 -674 -544 356 -627
-646 -208 512 953 -277 983 -851 -697 -944 320 -583 564 -705 895 553 645 296 -155 -814 433 -460 920 924
687 864 -408 812 -124 -311 424 601 -334 613 946 -190 -599 -314 -489 -59 -950 102 -961 -284 -956 -102 104
-167 44 -161 876 207 -818 82 -711 429 -510 89 -497 -961 -646 -912 -652 -462 -552 -261 -6 -928 18 -733
