35
-356 -40 -138 939 295 -237 473 -316 -501 -404 -153 316 -980 994 914 -168 794 -994 677 958 -581 983 284 317 -116 304 -690 -985 -564 805 785 961 244 871 222
354 -721 -943 202 -803 830 40 -588 259 -519 939 912 -184 -440 -969 -58 -881 879 -343 505 -367 -360 420 -317 598 -495 -514 -917 985 72 -424 -700 451 -474 -337
695 -282 -754 -496 -836 19 -895 -387 294 -498 769 -450 -186 66 -682 498 -414 986 43 -878 688 -288 -217 -969 -553 -278 -838 363 -342 -309 -250 -122 48 -374 -496
234 658 -770 819 -609 256 479 830 242 318 800 -811 210 -730 784 947 -123 131 -620 510 847 145 279 832 -740 -591 242 -673 644 -554 434 501 588 222 -55
86 -492 -582 -710 -132 272 -410 -932 -803 -536 954 606 637 424 623 328 -234 709 716 143 659 -399 -522 301 956 899 653 390 -886 176 -786 -972 -823 355 373
-796 -680 851 -698 -932 -205 -105 -260 -374 -525 151 -671 -633 -298 432 -288 281 268 -191 566 977 524 212 -144 111 790 -515 101 -382 -162 468 -686 -290 459 -779
940 -142 -218 4 -270 -709 -227 -501 -126 895 183 659 682 -105 168 553 617 319 -632 -600 -109 124 951 -866 567 237 -232 98 -155 -790 -978 57 254 -501 -49
351 -355 -265 651 -60 -864 933 219 582 128 425 878 -627 -420 -840 -805 262 -244 594 -305 252 726 43 813 -428 224 -876 557 -574 -108 -780 -441 972 -110 -516
393 110 -339 -849 696 -136 -67 895 -504 872 43 -244 775 -436 -261 59 -354 -90 48 -819 947 -499 629 -308 474 -984 -489 -822 254 379 -100 -388 824 77 -274
-675 346 873 -237 370 263 328 583 673 -823 561 -211 -297 300 250 8 -743 -684 401 -802 -238 380 80 -178 699 730 -396 266 -614 -921 636 -320 -406 172 846
627 908 -482 -676 -294 148 550 929 -368 333 -370 310 647 -716 -121 -109 -217 654 764 -999 -452 456 216 -369 763 -418 527 708 -86 -245 573 22 802 896 -381
141 969 -317 -354 657 206 -389 -890 566 599 -47 -663 14 89 970 -273 -145 -566 -953 -867 -309 -30 -953 -456 -923 401 788 -2 608 753 474 0 313 -254 -223
-501 167 786 -385 813 286 -172 598 -355 -221 879 -450 448 -320 -448 -553 -849 887 -588 706 -288 -370 -641 -788 27 -974 547 -146 -407 477 555 0 -234 -240 -596
-594 655 -151 470 -673 -206 -375 442 -840 -365 2 561 -608 343 -85 156 -874 -375 930 295 93 -503 -99 989 -876 149 -215 548 499 -881 211 -760 27 -318 -854
-609 -591 -222 582 240 -87 579 -87 -770 270 366 -41 -745 -951 547 559 759 652 441 -809 -286 252 -286 -434 484 744 747 595 -765 -7 -461 -812 790 -504 590
-110 -555 857 -683 23 -903 -917 -418 534 737 303 165 -964 -649 -1000 -679 105 -793 -617 -208 -196 -725 -254 -783 753 135 60 -683 -829 -978 -853 -924 596 217 364
-895 -982 -49 955 -215 761 679 -980 -95 815 -234 -998 -75 -556 628 -748 -762 126 726 351 884 -554 -935 207 -199 610 -447 -870 745 -654 162 595 -991 275 -392
508 -445 -839 207 -263 -973 751 -996 702 236 838 472 77 -891 981 257 -593 -569 668 666 -727 352 274 284 156 -507 -117 -58 -488 874 44 841 366 -97 565
-228 -422 -61 -373 54 995 914 442 -991 -640 -514 87 689 -346 -87 375 -476 382 -469 751 319 151 353 -726 -226 64 -791 -778 10 -48 427 -144 -662 -255 58
-493 -191 -663 -819 -454 531 345 -240 -656 500 -17 -84 961 -879 979 872 543 -372 55 -250 188 -618 -14 667 807 -295 -98 -66 -893 561 816 730 -546 374 868
624 823 -996 -422 812 -480 373 771 -312 827 -496 6 396 -794 608 32 515 903 418 -255 310 324 780 832 -930 101 -75 -294 -735 204 340 -419 750 696 463
-558 555 568 -854 78 217 -539 -875 848 -20 934 -9 -699 -306 878 828 -983 -726 602 510 -863 -389 -807 -42 358 -371 -909 -336 19 176 876 -408 -574 -569 445
-353 -771 -288 827 -552 -959 412 -514 130 -495 -960 294 224 56 -131 375 -445 170 254 761 -595 -605 233 -555 -244 152 -319 593 481 -101 -693 857 256 -492 838
806 -100 38 -636 487 -678 -424 836 725 630 561 401 611 -285 -631 489 477 248 -606 172 551 -745 128 813 -137 656 462 930 -321 -39 646 -297 148 205 790
845 835 -233 -167 -268 755 340 296 -357 272 730 637 -640 -80 -852 759 821 -84 -15 544 346 -811 -409 599 680 -573 -686 233 112 -749 865 -444 520 -584 -868
-58 753 -887 979 -761 923 515 -505 717 -992 -369 117 -132 330 271 -714 -963 -5 214 -892 264 -801 -381 879 -207 257 -108 -431 -951 177 478 -708 728 -266 -599
434 644 -370 723 -813 647 940 -337 -800 646 251 619 -143 779 101 125 510 -919 -460 -682 -98 676 -335 209 -106 -95 290 -174 -134 -253 604 815 373 -335 402
-131 -200 -636 -400 569 164 428 308 -549 4 301 -587 -615 -375 86 987 996 -254 -443 -61 514 9 451 864 -827 -211 -507 -375 -385 507 886 531 436 253 -49
64 45 -828 966 -24 -455 -290 727 531 -38 -888 29 -409 687 -64 -222 184 -143 -833 345 87 -625 114 -48 -756 -889 619 -281 -569 799 256 -74 -492 555 164
-849 62 881 -939 957 -678 852 363 -628 -744 23 796 877 -130 -443 -455 -950 -765 -844 -931 -827 -894 828 -237 295 484 -673 322 158 595 -753 -102 -742 330 -67
922 395 -694 -413 -836 -938 -933 170 -224 -438 -395 -414 -388 869 -150 -165 72 567 -48 -819 -374 -944 796 -172 -630 246 597 -22 439 -35 -939 811 -201 330 874
-56 30 320 -828 -975 603 -914 -666 -929 84 -215 532 69 -994 670 -520 -846 -53 -969 -263 -455 -536 -948 604 333 4 -115 52 -640 187 -704 -815 -270 -3 945
831 810 749 128 -142 14 -278 678 -780 869 410 -934 -831 -142 308 -437 543 711 337 274 402 126 -883 -292 452 -515 78 -875 -870 -115 -726 -592 -579 -274 -273
-258 -545 -8 328 148 444 194 661 -158 219 -14 224 -43 31 740 421 368 477 -814 -846 -222 638 321 -471 -139 -392 -970 -543 103 927 602 676 -731 -822 238
78 160 260 490 -841 -168 972 712 -566 137 794 -341 -592 -514 -946 -290 -554 -461 -881 -718 456 -640 191 724 -511 -891 632 998 -459 -432 -238 -645 -498 -947 117
