51
623 -439 708 -892 759 541 396 860 -487 -49 105 -273 -129 -17 108 175 -257 302 -628 35 775 684 367 -270 185 15 16 -499 -735 -83 5 184 -920 985 -112 951 -270 737 25 -459 298 -683 -682 -94 -772 -610 -720 660 -429 -28 365
682 -674 514 -112 466 -916 -255 728 -726 816 -758 816 21 711 815 -803 248 -89 -918 -422 817 -250 -639 154 -618 810 830 685 -11 -724 2 360 -144 887 542 196 75 -515 -41 511 18 -860 522 -607 -25 -967 -926 -301 244 -83 -337
451 -77 -503 998 -868 611 126 -327 -805 -458 530 -525 164 179 -183 -622 93 156 -871 460 196 149 60 -389 976 331 982 238 846 516 -913 -480 -534 -500 284 867 -41 974 192 380 328 -660 655 -249 356 -228 -547 669 -738 -618 204
361 172 -796 941 704 613 244 571 314 550 822 -64 119 -220 843 52 -531 -577 563 917 759 -942 -746 138 -539 909 359 945 -445 -503 -59 -415 431 -527 556 439 647 301 -199 -378 -331 140 -507 -407 379 326 -97 219 -287 788 -802
-418 206 999 -509 573 157 -503 -659 -471 287 -805 534 803 709 -139 874 783 219 260 207 -921 632 -744 -859 379 -257 -657 -767 -822 899 588 -904 -808 -193 -925 -198 -65 25 848 145 -407 -464 907 970 233 890 -596 496 846 -276 95
-364 -736 -962 -941 912 532 232 -549 -318 -517 -835 327 -250 -70 673 -461 -761 -854 419 -320 -953 -99 979 -344 493 381 -99 255 -885 -32 -423 42 -407 208 -686 841 121 357 433 -976 -6 863 677 -143 334 -11 524 65 608 -212 -50
478 775 354 -241 -892 -912 349 -1000 95 965 -293 -261 -233 -316 227 -781 -836 420 -468 -221 571 640 -28 38 220 -899 -891 -804 586 9 -688 781 -8 -38 17 -520 306 -322 -139 -479 -582 -167 641 -60 412 -299 312 -254 963 -865 -136
890 -986 -161 -341 -604 -646 205 225 -212 -363 -521 -73 418 -452 944 -563 -310 342 903 -787 461 -934 -435 299 -969 984 -98 360 845 -365 157 -679 -87 -693 624 374 283 -484 690 -94 67 182 320 566 -270 -304 887 -69 776 -14 -594
-737 -189 838 -978 -490 -967 244 840 -928 685 474 741 -910 -341 561 -405 -909 -897 -226 128 149 -360 819 157 -283 79 -42 232 970 118 -675 -450 189 -152 419 -588 184 486 595 -557 -334 -563 185 962 278 940 148 952 -170 -115 207
50 245 270 83 432 -878 615 -398 379 90 -620 -520 690 533 -189 663 -396 -382 276 -933 -135 617 307 316 677 532 588 332 -320 -808 664 -847 882 479 -591 940 -840 301 167 462 498 994 179 -481 855 -782 -404 -877 394 -956 181
-785 538 -554 757 829 -167 787 367 105 328 -868 -16 -71 -103 874 36 976 -913 -114 -851 220 -349 788 56 -438 -944 -158 566 -749 -289 201 -153 630 -601 -714 669 854 -246 559 -498 421 -290 435 817 -702 850 742 97 328 661 -984
622 165 -357 -19 675 501 538 -55 -816 -306 -593 104 610 184 -892 273 859 -559 385 771 421 -783 -65 -765 306 -854 -950 -846 191 39 59 -72 314 -867 626 842 453 -471 777 -494 -849 486 -349 251 352 374 13 785 -817 140 452
847 617 479 -964 405 -895 -97 -618 -887 897 -572 436 -776 -912 -292 666 -915 655 752 779 -619 -64 -848 665 124 651 -197 -111 -398 544 591 -779 540 745 645 -635 -637 705 330 723 -864 -208 543 776 69 851 547 859 -742 874 861
825 -481 204 -347 349 -707 -981 440 -204 -204 198 -161 -294 804 804 -875 -511 -83 -769 856 861 -973 672 -741 -238 -962 102 448 892 -896 -164 643 -832 90 57 -271 400 993 -665 -527 46 -180 981 115 810 -497 926 -902 983 794 930
337 -767 946 282 -590 -464 928 -462 772 -260 152 934 -181 -725 -573 456 -447 -779 -636 -66 865 933 -55 390 600 489 -628 -210 -220 445 -819 979 931 -282 -638 -101 602 -747 -391 954 -228 -785 -531 892 -306 -794 -957 -231 381 33 -456
-768 240 962 801 818 -637 -997 -385 398 -500 111 -442 744 -206 -535 426 587 493 -184 518 -962 887 738 -908 23 -53 -817 -594 -166 280 -549 581 -522 -718 308 375 -509 304 544 236 -173 802 -7 -983 22 -415 -502 -211 125 -688 -70
362 -223 928 -145 -624 -492 744 811 853 -19 -169 895 -623 -336 -91 -926 -814 432 755 -732 309 465 -358 -65 -313 101 -176 -913 66 110 333 645 838 896 906 44 593 811 -42 651 664 762 695 -226 192 285 -241 -239 810 591 -822
-322 85 875 6 686 503 269 209 -854 757 184 8 201 -697 -350 896 97 297 -512 941 -319 -336 -920 -980 -626 -54 889 198 -428 722 315 -35 -723 -835 891 729 -467 746 720 -882 871 959 408 248 -763 -790 -638 981 -922 -698 753
705 -326 221 -889 930 351 232 758 831 771 244 300 129 866 239 226 -191 750 469 -610 -977 978 301 -239 -197 116 -464 -677 -549 391 387 357 222 -576 -254 241 -929 -316 -910 -694 837 291 -463 -673 505 506 185 711 55 631 -748
599 175 -635 -943 -203 800 407 937 -27 -214 -598 -564 -827 206 708 689 813 -492 -355 466 253 -277 -625 -681 -39 -369 -613 -866 -742 14 -787 -925 -44 -875 -437 -837 808 943 -568 -979 130 364 -138 118 -582 -808 967 752 -700 916 -422
906 284 155 439 -425 -115 912 442 -249 227 92 -589 -550 661 -652 -485 737 400 461 -960 444 679 504 -478 631 691 583 854 138 37 532 -262 -958 -628 -792 989 -250 287 -545 184 -590 -928 -869 73 223 -996 -432 -656 -875 -822 542
848 -785 912 -849 827 37 -992 -321 -174 -318 495 649 -236 -610 897 684 -61 616 18 408 -430 -541 -958 431 -897 -70 -872 -649 -959 76 984 703 -574 638 374 -187 -354 -584 -442 -264 -76 -558 -845 -242 -302 644 -686 369 -561 621 530
-680 495 -68 -567 682 596 -142 994 495 -754 -60 357 318 -577 -200 -763 120 -881 -371 872 238 -246 585 -134 -264 612 -444 182 26 -347 439 939 114 685 143 467 339 880 946 141 -781 -29 972 -116 -274 -798 445 -604 558 128 -652
708 -141 584 394 -570 239 7 -530 -38 -386 749 615 -699 559 -840 -488 775 -94 694 -744 -318 676 596 464 -605 -207 -902 2 927 613 -353 351 -446 527 -829 -837 -271 -882 -335 -401 -851 272 704 273 -961 -390 14 201 55 293 504
-390 50 695 -294 158 -671 309 261 -887 261 347 -870 -970 953 -916 660 -581 -779 762 -979 -89 794 677 -798 363 -475 -932 -156 -666 -743 778 448 223 -254 -909 -176 -586 274 -96 -416 470 716 -91 320 695 276 -966 -762 -235 -791 -812
142 149 778 -142 -112 -667 -179 771 -663 417 -651 -10 419 6 411 781 609 -552 928 -407 424 -833 743 996 1000 -601 818 738 -603 -633 966 936 738 -971 357 373 81 811 742 172 -706 -257 315 -888 545 -784 115 -470 86 -582 706
-491 -121 -376 -943 78 -953 357 -560 199 934 411 -105 -632 107 -977 790 336 -540 -564 440 199 -450 362 -982 979 -468 -200 668 -717 -214 587 590 172 117 -81 482 -778 355 -948 -542 302 11 -473 -857 -363 841 -163 -287 666 -454 590
938 -485 549 863 81 556 -783 -898 -658 -796 251 -747 -545 633 356 49 37 360 249 32 689 -252 -340 960 338 -390 -243 840 -861 358 403 30 -574 980 -761 415 -695 -817 604 -53 640 808 -626 90 975 545 -515 -248 -21 -520 -784
540 -611 -38 -184 -6 636 -571 -746 57 371 512 360 752 200 623 273 415 -223 613 -467 313 476 -213 -744 301 -470 -552 -815 -296 -166 -471 981 714 255 372 194 -39 -872 458 973 -125 -720 965 -992 156 -548 181 -847 975 -486 310
551 -797 -664 -440 -940 -216 -236 -128 377 786 -280 297 338 840 -481 985 -452 -91 685 445 246 645 -337 -307 20 -303 -422 962 -359 -119 -389 -649 923 -467 158 602 -315 -709 -518 -326 253 688 -688 -754 426 831 -867 -679 -768 -275 228
575 555 -15 -940 795 229 -852 172 93 -707 -747 140 -10 228 694 -745 -241 555 477 -818 383 -321 3 -750 -845 -692 -773 -433 146 -591 -894 774 453 859 -903 -310 -552 780 -992 -757 894 -139 840 -29 -826 -653 808 -668 -16 -411 670
-245 463 359 -600 325 752 959 -775 -488 679 404 206 -827 -834 616 -895 758 -618 94 422 987 -915 -36 -309 -680 925 -959 871 -505 404 257 -427 945 593 18 618 138 -496 -659 375 99 -561 684 -213 -622 -390 -353 -726 907 -750 539
698 860 371 -403 919 583 99 255 -623 547 648 244 631 402 822 341 639 836 -988 558 755 -425 802 149 839 771 925 124 -82 954 410 757 -135 -407 -858 903 496 -889 448 112 79 691 589 -217 825 878 -614 997 -195 -939 -897
289 -853 32 -110 -35 572 150 6 36 -94 -922 -613 757 9 -354 231 -365 925 212 246 150 -339 -609 1 278 860 -398 432 151 676 396 -565 127 -307 -254 337 -466 -470 -101 785 -569 -936 805 703 -845 -662 595 -312 -549 771 -455
-335 -4 -335 448 -878 -75 -301 842 306 -380 -832 -64 -876 120 320 -549 961 -733 -694 -418 219 81 -115 265 -16 -740 -247 -310 682 -293 664 -769 843 -473 -30 269 -163 -733 399 -907 -132 -477 -532 543 797 323 -229 -525 57 -317 762
354 385 100 -41 963 16 166 339 -979 89 -736 92 -386 148 -758 -55 347 12 351 -489 -926 -192 -869 -541 826 -215 596 -439 258 835 482 73 588 583 283 489 505 -733 -378 243 559 44 -829 -354 -550 201 175 992 -646 -41 -861
-834 -459 86 726 390 -227 -405 253 447 573 457 -192 93 -712 1 -151 585 129 662 617 824 837 191 876 -29 950 171 -155 712 729 292 -604 689 773 -719 523 527 -830 428 646 778 889 938 48 775 -770 -896 497 -16 -737 569
212 815 -492 -507 -112 -483 -154 -587 -634 -447 -323 -452 -126 -460 758 790 -998 -29 -566 -499 859 -847 148 694 249 -821 -577 17 -29 -632 471 485 9 -802 -363 -772 -302 -796 203 -530 -914 839 639 -365 222 -994 625 103 -201 100 -617
571 421 137 925 768 -259 -146 499 570 398 360 -570 2 -471 -949 -165 -266 435 -99 789 -612 -896 -599 -605 747 -491 797 -924 253 684 929 -801 141 879 221 -828 694 532 395 19 -791 532 97 -321 57 -581 -21 -859 -308 -407 -923
-635 -430 374 936 -175 -819 -850 -942 -211 -89 68 754 -218 313 215 -282 -639 -285 949 525 -460 45 -770 -108 648 403 400 -897 -312 -876 -743 796 -33 -887 463 -128 -659 138 493 -893 804 -634 199 190 516 -613 737 434 -196 81 -900
-972 -922 655 -526 -247 17 531 494 751 162 -517 -715 -526 600 -321 -205 -844 -665 -635 398 845 -297 -80 -303 60 109 231 -121 836 -61 498 963 96 493 -808 -763 -365 -589 390 -834 -126 216 518 409 868 669 -927 709 943 899 251
315 -846 248 979 -183 -775 -614 605 -81 773 718 661 450 124 961 -422 543 739 656 46 755 -199 360 164 -843 645 26 -693 813 -26 -108 -419 17 777 854 520 -186 975 -84 470 557 -346 964 985 -761 -131 341 -781 -90 -176 811
80 38 -287 312 -989 -532 -573 962 -345 220 -714 27 -705 -99 -309 266 747 -885 873 -2 -75 148 -662 -630 -9 -662 225 -282 640 -962 187 -648 -350 369 -530 -547 -49 687 706 -512 495 -663 -261 -720 -160 160 -567 698 969 -825 110
265 -869 465 181 -532 -312 650 103 542 352 400 113 639 440 -725 882 -980 460 -933 -813 452 40 577 559 256 -426 172 739 -381 -785 -99 417 -110 -244 556 -402 -503 317 -203 280 222 382 113 507 -29 101 -359 785 848 744 102
-792 -799 546 797 -897 -969 -684 474 294 -879 -19 -880 -210 26 183 -996 -328 -831 -790 820 915 886 -566 -198 -176 -9 961 330 378 908 612 953 643 -393 -46 -822 526 -257 474 -297 -305 39 -285 -936 12 165 -324 -894 671 -630 157
-874 -401 632 -477 -472 -598 -448 196 94 453 -564 85 -571 416 124 292 778 -211 -869 -407 -938 -719 -882 -707 362 -472 507 -691 679 518 -239 45 -167 816 -873 -217 55 -529 14 -664 -942 610 959 952 -851 562 37 327 -482 -662 -111
489 797 -817 -742 -881 -744 809 -658 657 703 246 511 666 886 -573 768 -661 796 -978 119 -537 593 48 -768 850 -755 158 854 -378 587 650 741 870 -183 522 -313 -385 996 405 640 -993 -568 -581 -368 213 -812 -488 63 -592 -394 -65
76 467 -775 -764 585 353 -177 541 -529 458 -880 764 -955 -818 -775 -690 -159 92 -752 773 -364 -389 -221 825 227 -610 704 486 -343 96 875 -613 -779 630 -785 267 -81 780 728 -709 952 339 -202 -169 153 -784 -138 -263 901 125 815
-164 754 -938 -102 140 -362 876 -2 181 146 -531 273 496 -752 55 -428 -833 288 450 -540 -443 -377 516 830 -867 716 -144 -858 774 -469 -121 -472 -561 498 173 714 -223 -153 -62 -940 -821 -769 901 -723 515 -494 676 853 -604 825 845
587 -297 574 532 -929 961 -112 -551 333 -767 -714 -516 -419 16 330 -908 -220 829 -736 -116 -114 836 530 516 -117 -755 -269 344 909 -216 182 315 -514 -982 279 -166 -174 318 410 765 564 -496 -66 -114 -903 61 -801 -374 261 75 696
893 -40 -848 225 -892 603 -138 241 33 -186 -490 -418 -514 392 542 -246 691 -829 547 413 -459 -895 -70 -799 -558 925 -985 697 505 -423 489 514 636 699 -826 -813 720 768 109 536 214 287 819 -772 -668 -991 -65 -792 574 263 -629
