60
437 -931 -805 237 769 814 206 314 -360 778 -41 799 895 319 -74 -73 974 836 475 751 -513 5 -834 -791 -842 -533 883 578 298 123 680 -149 781 355 301 -71 751 -122 -712 -276 743 757 747 106 -339 181 563 457 558 20 -813 714 587 -847 -771 -234 -89 918 847 972
-798 -24 -338 -384 -583 696 389 -858 -868 88 -478 -432 537 471 -228 728 -235 -766 732 545 783 -771 978 948 459 -26 208 465 -567 721 -84 -256 481 284 -667 288 -91 345 -129 -804 517 913 827 255 -192 -796 687 246 771 -124 507 31 -905 732 -941 -952 -714 -135 -443 676
-454 -86 -8 761 -672 -54 507 -521 71 -986 996 -537 533 506 -617 -127 435 -515 -879 -511 -875 -693 -499 -591 378 810 -741 -839 -199 45 -379 300 28 608 -170 -72 332 469 -752 -374 133 -505 -801 332 371 -787 -839 -809 -955 605 -688 -694 -815 -899 -670 -399 391 990 -328 235
136 -427 -794 662 -859 894 40 -898 -86 -355 -764 844 794 925 -620 578 -160 739 -555 79 700 -818 -723 -61 -828 -722 -718 364 993 412 519 907 754 -564 -426 982 -854 -651 -540 -306 -825 25 977 -821 593 -67 -384 -779 -813 436 592 -767 254 826 -503 754 342 405 -734 420
-240 -221 -559 -400 819 298 -788 203 158 -44 -425 169 821 -868 -255 -376 71 597 -75 100 581 -295 -749 -759 -360 699 -750 -477 681 117 -712 537 328 723 -32 136 994 380 -878 214 -241 233 -511 998 -132 42 -897 768 147 355 796 487 -431 -753 975 879 -348 815 177 455
-131 301 -979 339 -238 -427 208 745 764 81 896 410 418 348 485 -495 -374 -573 523 330 723 44 -919 882 -54 -313 352 -490 575 -829 -942 -938 907 568 -697 -75 -317 -969 -865 -453 19 633 -407 814 -75 -521 -231 49 902 465 -23 -669 -917 19 -848 518 452 -168 -649 -153
-132 -88 542 -259 -280 -889 992 -408 247 -356 116 803 -861 -932 -856 -875 -45 -22 380 387 -297 123 -738 148 101 -485 84 -536 71 80 -287 -750 818 -93 -747 751 -162 427 650 741 -86 -313 -365 377 635 -782 289 -13 477 146 -146 -871 28 -297 863 413 -939 -373 803 824
591 -620 -930 249 924 -711 257 163 526 688 684 -371 -304 213 419 274 353 642 -102 -553 -220 -13 -129 694 -132 -155 241 -941 732 -791 313 578 926 368 -581 775 69 -123 -207 -95 294 189 -451 396 522 -445 259 241 691 582 818 199 -970 -949 -595 138 -781 397 150 -301
-82 -771 -811 -220 -959 57 -122 755 896 -320 365 246 1 -313 932 -866 -105 918 470 978 609 437 561 812 -623 30 512 943 -888 -807 -575 460 -447 904 -553 -920 -696 -607 -528 -460 -868 163 856 -864 329 -179 510 707 839 18 944 -675 -290 -256 -832 475 297 54 -853 545
969 -167 -364 534 -663 301 973 424 59 694 901 600 923 334 -621 -162 -716 391 631 978 400 669 -838 -264 -221 701 505 648 964 806 470 -395 188 583 792 742 616 848 -708 -815 -275 533 131 398 -286 -773 100 -115 307 -386 -322 237 -254 -145 829 557 836 496 288 895
842 -799 670 701 165 135 958 410 809 856 -322 74 -223 585 -845 100 391 190 511 263 -740 -498 -366 656 80 -624 -523 -531 -137 450 -771 -868 784 -644 -999 1 938 -283 277 -691 576 -535 -917 961 868 -990 -754 -962 39 691 517 226 -244 -432 584 396 -636 -619 741 -146
-316 805 -243 -9 951 -750 501 638 -400 28 -532 704 -467 -946 199 421 -703 464 -659 -903 419 -555 257 842 -594 -788 -914 878 -749 -5 -342 674 900 -387 -281 434 859 393 768 -500 -645 -922 -436 -50 -52 -5 364 -244 -644 58 205 -622 576 804 878 -674 286 -642 813 -876
-595 -993 776 88 -687 59 411 722 183 -695 -554 -956 -355 -43 686 671 95 -135 648 -628 -244 119 -275 619 -709 -453 -146 -185 -85 -159 -215 -369 -112 822 -495 -953 -224 -525 -35 -216 82 917 806 -714 183 584 401 -991 -722 -733 -524 820 699 -438 568 -357 354 607 -509 -72
596 883 113 560 562 -530 684 -699 505 -947 855 295 -744 -955 -707 -909 84 784 806 235 532 -467 -280 -480 802 268 842 -268 -184 -614 938 -865 312 45 103 -188 892 -205 -333 54 48 -549 846 214 627 448 383 189 -310 327 -145 208 811 641 149 507 -682 498 704 -731
-756 -241 259 -752 872 -291 788 -407 -256 103 -461 -682 867 750 528 -322 -46 -411 -848 491 867 228 140 8 479 437 -380 14 -170 161 799 835 -825 73 -141 7 19 -911 -462 -56 -304 -573 -504 -879 532 -38 272 316 -749 226 667 768 521 47 -532 672 397 69 -783 548
-653 796 508 310 -966 948 -705 -695 279 -499 -764 37 48 -877 -237 -584 -645 796 818 65 475 211 522 231 -261 939 634 -53 957 568 381 -205 -477 59 -230 -102 -302 -208 1000 538 -222 647 793 852 -510 -938 -17 -353 -833 364 -687 -424 499 598 386 -886 200 -704 548 905
872 -987 204 932 -864 -265 -584 678 857 -243 -688 -960 -136 -575 -842 512 -175 -327 390 -661 -655 739 374 344 -547 79 -475 868 549 472 336 361 -707 800 -553 -168 479 -543 -767 -541 110 -997 230 288 -260 556 317 -175 -265 -293 652 135 -792 697 -451 -567 -546 -488 918 545
277 18 132 616 -948 -469 139 -25 254 -669 -795 875 158 -258 92 269 260 250 725 389 -598 771 237 -19 979 796 233 494 158 32 74 -717 953 658 -595 574 190 -769 -272 -979 -607 -26 609 -606 811 -905 100 -118 -353 -162 43 836 238 261 373 -472 351 -308 -401 -441
178 52 798 788 -419 -665 360 -592 716 -977 -237 -631 -468 421 500 255 -646 -716 215 -282 -791 -25 -631 760 125 -252 712 146 -468 -163 -362 870 -249 -111 554 -335 -494 450 -604 780 246 386 217 910 -106 -784 938 -397 -810 946 101 309 880 -756 -736 -533 614 850 736 -416
790 -893 -357 -647 -610 820 -715 -932 -854 712 -561 675 731 -396 -388 -895 -656 -27 525 -616 -122 617 -34 -578 760 568 -260 611 976 865 -445 930 403 -662 -563 -725 -405 -991 806 -820 193 707 692 673 -554 -609 509 912 455 490 148 -306 -344 -733 887 -542 -58 422 -193 990
-376 -392 207 -231 -261 386 -345 21 -412 -248 259 951 -579 651 826 688 -60 627 -554 -341 -257 147 -25 205 -286 -412 70 817 336 -651 -494 -353 812 815 513 446 -711 996 -337 453 -318 993 352 261 321 853 -659 -781 -326 547 -353 -613 294 585 -208 -656 255 279 575 176
-148 648 -892 656 710 867 -933 671 -386 899 -65 147 624 732 611 -614 560 659 109 -84 16 995 -204 -951 133 498 -723 248 -576 -859 126 979 -915 211 -77 333 425 192 835 -72 -151 433 -395 -943 775 -4 566 -853 -913 897 -626 -630 -633 -414 -345 -31 -82 -443 370 54
297 -386 231 191 -116 251 -197 959 728 -640 -382 -563 -494 -205 -302 -514 -866 24 -713 -221 306 -60 -404 965 237 -82 -894 -88 457 -658 419 248 -851 -827 716 89 -538 -960 611 -537 -982 -762 -501 -476 798 -108 917 106 -195 -191 -502 -412 -512 -547 -92 -720 -659 -354 638 288
-627 400 622 75 135 -304 -984 389 845 -22 -907 982 -704 -779 -878 840 604 -978 -733 370 161 341 -122 -899 -405 824 -459 314 484 -605 836 578 -519 686 -995 842 228 180 -951 716 -275 450 -623 -481 499 912 665 223 -650 704 106 343 -615 -929 998 -381 81 -334 -352 -584
-748 -813 -646 -757 -366 -995 894 792 -745 445 -113 -168 481 -843 318 -632 970 632 412 -458 -215 890 -537 665 110 846 -185 232 915 828 938 356 435 -487 193 -870 -831 216 -422 -382 481 -283 -905 286 547 -420 124 -556 883 107 -330 -254 -303 -12 -326 -542 282 -411 327 685
104 -370 403 -647 -759 -57 47 851 498 459 -445 -341 -746 -272 -863 -850 422 -354 -305 615 139 -201 -914 221 922 -896 400 -264 698 216 -631 -376 -342 462 -490 137 -60 576 50 -991 120 71 -429 -682 853 -631 704 -498 -723 -522 680 -284 459 981 685 -747 -405 -763 -837 -244
773 913 -744 676 -799 63 480 -952 -325 177 636 -212 792 -766 291 908 -667 554 45 -156 -651 -618 362 731 321 -454 849 617 990 -435 -871 -523 -39 125 -435 768 811 -869 -518 64 450 -304 -997 -846 522 456 298 987 340 437 645 -437 -928 -619 -990 689 645 -107 -594 305
813 -960 -27 -995 350 -117 -55 55 622 334 -767 -869 -325 656 408 -265 500 -591 -10 -851 -730 -569 -438 120 100 -706 92 999 -8 271 779 -562 -548 949 -922 758 -724 -927 -787 -884 -830 58 233 -621 -832 343 104 -898 853 442 -668 -542 446 188 -808 -394 -995 -121 -89 -45
-326 -336 -841 440 -68 306 -637 -766 671 -653 230 876 104 823 861 -107 -816 357 823 5 728 -359 472 694 -834 425 -345 4 -606 -59 190 -1 812 -70 -214 351 -588 -444 -439 728 -479 -223 -651 170 -761 -868 293 459 -522 -746 -295 874 -840 -586 109 -383 496 565 -204 -925
-450 -382 -144 -786 -588 -679 -257 -403 -507 978 -164 615 339 91 62 -771 159 -682 366 -425 706 -670 370 33 598 347 -348 457 234 329 -862 -810 335 -881 335 -7 -401 -611 -820 689 -248 528 -445 -150 -646 -384 -299 -278 -354 398 391 495 -974 -493 918 -805 522 -588 46 971
-611 -941 -525 955 -126 -136 299 252 -27 -203 124 868 -215 234 -615 -955 178 -830 -132 362 -973 841 -911 464 888 205 410 -822 -478 -53 554 -187 -272 992 -183 -988 -700 47 872 843 -42 -69 -67 -227 -56 402 862 470 -149 104 826 -605 627 274 -865 -432 -512 -780 -763 12
601 -127 428 -710 -579 743 -691 -322 -28 -104 -593 -73 -651 649 -809 583 -361 -214 301 -818 -331 -790 -177 -212 -927 59 -637 572 -993 805 702 -321 913 -239 -865 673 -78 9 -409 887 836 206 -329 57 -137 -624 781 692 -91 -605 85 -247 -381 -499 -499 461 -832 -369 855 710
443 987 -264 -906 -953 620 665 -430 906 -993 477 -408 -611 -127 614 46 654 -94 -879 -552 -50 -729 -717 989 312 -285 417 645 -849 -346 680 -13 -157 -507 -140 267 119 250 894 -398 -245 130 235 925 361 418 255 532 -521 -525 479 -897 -788 -416 -12 427 -675 -940 813 270
598 -235 205 472 30 968 281 275 -592 -746 -721 672 83 -438 271 -988 815 955 -556 -196 787 -73 -91 523 -480 -573 279 455 -896 493 -391 -299 -774 949 -227 66 -456 -965 -119 -649 172 -84 -668 895 -445 346 799 977 351 450 -871 479 132 700 -509 947 916 720 594 366
-775 943 612 600 -94 188 -584 -230 -220 285 353 673 -435 -327 272 755 688 -522 -398 119 159 -923 -926 553 -17 282 -168 345 -48 -477 -172 -71 -771 133 -579 469 331 79 312 -270 -771 206 631 -353 814 -514 -588 80 -397 -691 706 435 289 206 185 243 -352 166 387 508
-532 631 47 187 952 -571 74 481 631 385 618 -950 -362 -227 -146 -869 -409 314 -747 -749 895 226 874 -508 521 -344 -596 -780 406 268 -214 302 -540 7 -952 -783 663 23 -492 972 985 -7 -911 234 357 932 -646 -548 597 218 181 -500 -710 -138 100 -519 -734 836 -67 359
279 -137 961 -383 -915 370 931 -711 -5 -268 575 359 841 683 -555 -725 -440 -814 -370 865 -375 -655 -280 382 528 147 -112 -615 692 332 298 892 -758 -911 -702 -534 770 -31 21 -235 -559 517 236 893 334 -526 -502 151 -292 -368 26 642 260 -234 504 874 864 404 334 -833
-905 -655 -922 -602 -675 -772 55 750 -975 -273 -909 -340 -464 751 815 385 -49 780 -527 -409 538 -584 -73 -70 -328 -541 -10 205 162 672 255 652 -690 858 908 -273 -882 -450 918 -34 115 -492 82 -877 -278 177 -348 -211 -581 -259 847 210 198 128 -129 779 290 277 507 -45
-676 13 -130 19 -528 -621 990 180 -531 -24 -763 56 -200 -618 744 921 -19 529 -741 -737 -165 -204 -22 -517 610 -239 -962 -174 -243 -489 426 -24 113 -959 308 596 -405 -679 -840 964 -543 938 595 144 -979 813 758 797 -338 -440 997 575 -139 -684 -848 -49 -444 -852 308 -716
-543 -433 -252 -243 553 668 244 378 717 -556 -621 -240 -476 425 -954 176 694 -25 -357 810 -204 -754 50 -950 75 828 800 -900 721 -368 -698 -260 -780 -949 -951 -467 185 973 678 -378 309 -634 496 800 -831 -227 85 -882 412 994 335 -157 112 362 -888 -138 848 -907 234 -681
782 -195 333 -360 369 -474 -548 -157 -620 219 226 306 627 675 -706 -960 -336 -204 -369 -231 729 885 -471 -839 -980 147 523 -214 694 -428 -124 501 -907 4 -985 -899 -23 951 105 -70 -184 887 -50 -968 427 807 409 -192 -952 424 495 -761 -163 326 -464 -521 394 296 -422 -448
-36 -95 -478 961 -833 304 694 886 78 187 -419 281 -50 887 -894 670 -336 226 -477 186 756 784 -145 68 -665 -510 280 433 -318 -372 41 -433 10 -138 -167 -930 76 -913 208 56 686 383 -643 -152 767 -100 -571 385 225 248 816 331 482 -18 727 -972 -581 285 -56 -17
637 960 -156 675 -678 666 376 175 -961 979 -503 185 980 864 -519 -410 633 589 850 810 334 646 -271 -786 -763 -605 599 -625 703 694 -141 366 434 690 -282 -889 10 252 -477 212 460 -610 85 -417 -23 -802 -902 392 -56 -387 982 842 666 -261 435 -525 -620 841 -898 592
816 857 239 -453 713 -260 -691 -913 -236 650 229 5 895 -175 388 791 -400 329 947 995 -726 596 592 -352 -69 -126 750 40 570 -60 -483 611 957 529 893 -227 -241 -86 -422 22 721 -35 624 814 -793 -712 -942 -180 -19 378 -212 -388 314 -975 -207 974 -885 -328 598 -256
821 -21 -86 204 995 931 -892 -910 788 772 455 768 866 818 238 666 -286 -522 -495 906 534 -93 144 -324 77 -548 -690 913 587 709 883 555 190 84 603 -405 -586 -565 -160 221 -45 289 666 900 -335 875 -423 -42 916 -651 -788 450 63 648 -421 27 -270 750 133 -274
-931 -332 537 944 690 505 898 178 -788 900 -19 707 -100 396 -542 158 888 -384 493 -953 972 -76 -258 -162 8 978 516 867 -506 205 -610 554 -129 -432 747 -795 747 -206 737 -912 602 -610 732 -727 -691 618 848 -703 737 610 995 922 679 509 -461 990 -97 -1000 713 645
57 779 509 -366 537 857 129 -857 -576 -580 -187 333 -1000 361 -181 -681 929 -797 -706 424 -587 -784 -978 447 -302 -66 988 127 -512 573 -798 -625 383 20 -829 -749 637 755 306 -501 -374 874 -561 248 -118 -997 801 860 -674 360 858 158 -278 -271 -320 385 -625 622 -169 531
254 -155 190 926 647 -479 313 -176 -905 85 183 530 969 -383 -209 86 376 685 -712 65 -105 -341 429 412 -127 630 -429 -819 -122 593 931 -439 657 879 703 -184 1 634 -630 869 567 716 -630 367 -502 -613 -385 -694 183 -600 431 692 -541 -852 712 835 841 849 -397 -434
-138 -715 484 -907 787 581 627 883 996 376 976 471 -252 -566 537 413 11 -47 -952 663 -933 -20 -770 -742 479 893 -511 801 -432 -89 -155 656 207 338 913 -248 -649 307 289 713 850 103 -418 -814 928 640 -774 -152 -130 -857 610 -624 865 511 63 -582 -665 855 -382 406
-583 -959 629 -614 -552 35 88 -668 108 260 401 -386 472 -431 152 495 35 918 -327 -205 170 554 -641 161 -302 -638 -343 -461 -568 -303 639 -237 -786 -105 200 -260 -467 -754 697 -153 -170 675 635 -752 449 881 854 -108 362 -837 990 -958 886 -721 -753 -140 -150 -819 -750 901
863 -853 -37 -466 -7 -86 877 849 628 456 488 -143 895 775 -678 835 36 -264 612 -623 -496 -320 780 -676 -609 184 -755 525 -915 -260 731 -323 56 939 858 7 382 -284 -605 -343 -556 91 -395 -295 163 -405 791 287 635 -805 -801 696 -857 610 821 515 652 661 876 -434
-616 -237 290 578 -171 -729 -780 -602 -467 -216 945 -931 -356 735 -636 532 -927 181 262 521 -233 -680 -546 -287 848 843 370 -660 -797 163 788 -763 -489 443 -451 54 -696 -120 614 496 236 680 517 -598 798 921 788 -35 -448 630 -479 -944 861 644 192 351 -200 500 -754 359
-581 -995 -16 -261 172 -303 -147 -844 162 514 -950 -342 976 622 -45 -976 -857 -986 -339 -310 854 539 684 600 63 152 -613 -377 -766 -966 369 -811 -185 -732 -654 -700 -663 403 754 686 -120 -760 -823 -819 250 -773 -409 -335 -634 -825 -458 976 469 260 -513 558 214 -104 -694 -151
42 -600 -360 -824 46 -197 986 429 -320 -658 997 -581 -435 -588 -81 -638 -181 -338 818 698 326 282 761 406 955 776 -168 281 -8 880 447 772 692 -923 -760 -234 420 -274 133 574 783 -149 88 -359 -196 551 634 254 -666 -275 -645 194 -340 -418 847 -327 906 -826 -397 72
-235 296 608 523 -960 -106 515 788 602 51 -614 -562 597 448 314 432 -211 -276 162 -640 228 -785 -526 860 395 -384 -863 375 779 279 -549 413 708 -605 866 -883 413 -792 -384 404 722 787 -414 -852 -302 -129 736 728 -97 -749 327 -107 209 -356 -208 -657 -307 833 -505 440
-947 -893 436 -513 -753 201 73 -186 609 271 -92 -874 -314 -134 -364 482 543 -318 774 444 -107 647 615 876 -364 -486 239 -19 295 887 737 -589 -264 -749 -166 -826 751 197 756 389 -772 -819 -900 -482 381 -93 471 676 -591 -524 283 495 -282 539 -657 647 -895 -478 -174 -452
-791 805 161 -926 -872 -268 -213 347 272 915 302 631 -95 505 -919 -325 685 53 -561 43 357 305 432 -731 590 -802 385 -382 194 -121 280 587 717 -997 633 579 500 810 -608 506 -177 -921 263 867 -388 -431 69 168 410 747 -573 -495 826 129 -193 732 -100 -306 464 -876
-744 -178 -779 445 448 -234 817 258 -763 9 -328 -797 -790 311 -452 356 -903 494 937 -190 -568 -449 -352 -283 -122 -943 -548 -645 -695 -347 -87 712 -248 90 -308 -490 896 858 264 -396 219 -640 -623 -723 760 789 145 -854 -403 -212 357 -389 450 -19 615 716 -983 843 526 579
-445 494 287 -242 311 820 -177 919 -381 805 490 -180 138 486 -465 713 578 -855 637 37 212 -822 164 -733 -412 86 649 -899 -684 -492 -927 730 974 -671 434 -839 -33 274 -9 -441 -656 -1000 -683 -514 474 -239 -297 -26 410 539 -172 -123 105 507 824 -861 -354 -884 865 -612
195 -43 -464 -231 -744 -29 -912 -169 -956 856 -589 -216 -317 -450 -654 828 -675 -762 -610 -948 517 643 326 -975 -526 -284 -960 -669 657 668 -611 742 -219 984 -787 -343 115 -449 187 -690 -109 581 953 23 -727 -667 686 915 -281 192 783 -321 -275 -167 -198 -109 -188 497 837 -569
