34
-427 -513 488 -747 -119 183 710 519 984 -621 376 512 -919 -581 322 307 865 -700 767 850 713 584 -122 -456 72 -228 988 -730 -49 -310 -21 -646 214 -843
903 -567 -714 -152 -258 -510 697 549 274 423 -562 -61 725 719 -511 -169 -529 -747 -874 221 67 403 -282 -933 932 329 -929 728 -383 397 -104 12 723 528
522 -496 -632 -258 221 -241 -735 -710 -974 510 -695 368 17 -702 -763 92 33 580 -78 758 718 487 -518 792 -982 670 734 419 989 63 -692 641 -451 165
-865 -447 -417 -175 -273 257 887 -110 467 -547 715 -522 52 634 -489 -466 -642 6 -882 273 -734 -898 817 -849 712 -105 318 430 -945 -145 253 866 -195 -861
858 517 712 -834 -224 441 671 602 102 -357 -106 490 -509 -355 264 -675 -543 882 -973 973 914 381 -279 -25 -973 122 -413 413 -673 984 -960 -815 -859 873
877 669 523 -928 987 -959 214 -611 685 -658 -27 605 159 706 -938 124 -119 63 601 192 -320 856 898 916 566 -523 313 942 924 -354 -188 823 -453 -916
518 684 828 -934 649 402 -978 337 559 -84 969 -287 270 -647 -337 274 944 577 -343 -138 272 -250 361 622 -587 -302 -871 44 -365 648 37 -971 -90 597
-634 551 -216 -153 -414 -710 -433 905 352 -913 546 -840 6 24 -612 268 -3 -948 -844 -204 669 576 306 920 498 -883 4 360 -76 796 -904 -202 876 -279
879 790 -620 633 -269 -600 -49 258 947 232 -729 338 296 818 41 614 -152 665 -645 413 692 126 387 -29 -543 -993 -954 688 -58 -143 796 872 498 470
-229 820 177 802 -574 -369 -863 -114 -906 -12 -453 -740 -962 911 -125 -386 -850 870 -246 411 732 284 -876 -768 -916 -705 922 236 -534 554 -121 -930 -111 222
-377 -978 -895 -973 -437 -418 516 254 -39 346 -946 -416 -408 -219 -768 -582 451 925 399 762 -907 -631 478 -259 237 188 89 840 -185 354 -730 351 431 -206
189 341 61 -390 291 317 134 265 -793 -598 -468 -974 -665 -203 168 349 -76 721 503 885 39 -463 460 316 223 -206 597 597 484 -595 -13 -834 360 -120
-208 -472 624 805 366 848 409 24 -683 -272 367 -101 -576 -81 339 283 -805 -149 -339 533 -544 -601 106 -986 908 -278 -715 -130 213 -490 772 -964 -812 -887
670 348 393 -796 -783 -298 683 727 0 -309 -152 -676 -635 953 900 755 918 283 741 -326 -732 -71 809 -601 -831 -485 -185 -937 403 499 -275 -101 -735 -842
-557 158 917 -403 -274 692 -142 514 389 327 -294 497 -379 -723 931 478 -776 -326 -11 813 -184 210 -929 -827 320 306 353 99 36 -306 -771 805 -113 -637
-663 989 381 -476 146 147 412 -501 -483 -305 431 238 260 -972 603 -763 216 622 -547 -754 990 -425 623 -629 585 452 445 579 736 504 584 950 332 80
-940 807 405 -519 555 386 -17 -349 -164 -377 -448 -275 715 54 -572 -462 590 497 -502 -150 -150 211 48 -637 -867 20 -45 -178 975 -914 -757 -478 951 -918
-279 896 964 214 -223 852 -310 269 -602 974 194 -754 -160 685 48 -903 -714 -791 -21 -755 -593 313 -444 -997 -537 -884 -505 156 -166 -720 -525 248 958 586
392 -844 314 780 586 -37 -23 502 884 982 441 -160 846 699 -213 340 212 283 166 -686 -433 614 384 427 -90 -965 -932 -235 -353 -832 733 -539 -460 -294
229 -918 -842 454 618 -783 -634 99 -9 253 538 646 447 -684 101 865 -84 525 772 -461 -984 346 -39 -1000 -841 -141 -639 113 985 -253 639 707 -230 21
-421 764 428 -828 -620 661 767 -945 260 -98 -734 998 -956 198 -424 -272 865 300 -728 788 633 640 -228 -863 -24 913 -392 -943 -709 -591 -825 59 386 702
-236 -443 -551 167 76 49 133 79 -65 -974 899 6 -189 317 -481 -393 238 702 -364 -640 292 -896 -377 357 -702 -405 -971 101 -944 655 479 256 -282 48
-231 700 -395 859 107 -391 -518 249 -640 -589 -911 490 41 -944 715 -311 921 -915 851 987 210 -648 778 -168 -876 -487 771 -525 -495 25 190 440 158 -16
-195 -556 411 330 833 -593 -245 41 -20 182 -43 809 -522 401 -568 521 23 -722 869 -672 605 946 -716 408 -118 155 -908 999 -375 -922 915 101 711 17
423 725 -843 -637 -567 -414 674 -379 -821 -450 289 829 -396 179 710 -875 24 709 -410 -375 -383 -551 778 101 -262 558 880 -704 214 -744 -172 234 -258 694
504 -873 668 -195 837 909 54 -64 -166 868 -101 212 988 501 -329 851 819 -181 280 233 623 -529 659 -927 584 -272 223 -319 737 744 -667 307 417 -725
-228 457 -926 -328 -853 -716 -600 -9 -461 -717 -907 836 998 -483 -694 -729 869 -508 774 -593 792 -813 -150 -234 -366 194 982 317 440 441 360 -566 816 -853
187 329 318 489 154 874 -501 603 -570 -559 -638 -350 914 -824 438 -7 -645 926 -554 -711 361 71 -509 183 -153 818 -315 180 -12 958 -74 794 -691 -527
-460 810 89 786 -869 951 691 231 609 -656 602 411 -395 892 979 228 -162 -273 -497 -699 -229 793 832 -874 -641 -807 722 -340 969 883 -607 -823 -484 104
-682 -885 -673 435 -597 698 961 -708 -265 283 499 -509 915 -125 -311 -287 -230 -234 -607 -692 689 -741 -549 636 569 5 2 -730 536 275 -800 563 -999 -363
927 722 172 -295 -350 -464 15 375 -142 -780 -202 -572 854 -606 -901 66 377 -636 -939 -785 623 -752 462 652 231 208 747 234 413 187 -137 -638 -637 369
415 264 -666 819 -171 -112 81 720 264 -701 -535 334 328 901 -123 717 -623 652 432 502 -502 -225 231 -442 -973 123 440 601 -184 -897 -836 780 -644 374
-458 -570 240 -461 997 -695 78 -590 -126 -478 473 697 682 -805 -200 -459 104 -733 -923 88 -697 105 -470 -954 -446 -404 -353 997 -952 -109 400 474 284 476
584 303 -530 532 -773 -648 -393 -637 905 -968 618 -884 -829 589 445 245 -354 -459 576 233 -430 213 -211 30 447 700 152 -160 344 411 664 418 61 -639
