49
86 578 -335 10 288 213 -598 -190 378 -185 282 862 344 1000 -693 -897 428 516 -21 -196 797 -599 166 -408 367 719 -156 820 -144 605 993 -856 804 -923 -854 130 889 -740 903 883 -433 898 589 787 -455 -849 630 -995 631
778 -646 859 723 701 288 -565 -240 465 634 -759 -787 -267 -709 -158 -769 91 -228 473 402 -616 -898 781 -644 -542 927 -792 -461 728 296 457 -255 -599 322 -181 915 -348 571 284 119 -508 856 -737 -392 -194 -174 -949 -324 110
-385 -963 -521 328 215 456 605 577 845 153 748 491 -125 870 -345 -477 698 527 -225 668 -817 431 -389 672 -108 475 -302 -752 -742 735 -313 139 -265 13 -735 164 249 -50 626 160 44 -770 848 -762 381 -255 178 -292 995
-411 506 -990 590 430 163 696 -161 72 770 169 785 735 -882 -483 -572 396 23 -94 -577 -827 -401 -629 -346 -585 -983 831 -317 -577 -28 938 -998 -367 246 -979 -644 722 692 833 52 -559 -522 382 -411 -221 -925 157 -814 -308
-647 971 425 -98 380 -367 587 -523 590 812 -881 404 427 -411 160 -140 291 -445 -333 802 616 306 -503 130 -989 699 270 -842 952 -782 -637 848 605 -876 -907 -707 -937 -434 804 -298 -231 -561 -708 419 -414 11 -246 -269 415
142 -942 637 -446 870 26 -257 -789 103 440 -448 -603 -21 774 247 219 -824 463 446 991 -625 -409 -754 -611 -36 282 601 -847 -656 842 -875 -782 823 -106 -389 370 -634 -113 646 -269 -725 276 -587 -932 695 672 287 948 -114
-618 -979 -596 -524 -380 831 39 -49 -606 -661 -487 -164 364 318 650 -857 -418 -68 -68 885 917 80 759 -36 45 -540 55 -788 197 -156 -8 -981 -173 -736 203 -370 -780 -488 243 185 -329 24 446 252 771 605 -278 737 -191
-825 531 829 -408 734 167 -413 -709 70 -890 657 -481 792 673 846 654 288 258 534 226 -528 -956 946 395 616 461 316 -163 166 653 103 838 -491 679 580 -193 -95 423 280 -760 -407 -884 -411 504 -46 341 -791 -639 950
-58 268 -103 -352 -263 -540 827 577 235 925 581 -959 53 573 893 197 -374 -552 527 775 99 -82 -379 509 -734 -872 584 -173 163 -838 95 297 -57 429 711 114 -519 -107 -883 295 -397 334 -69 -426 -731 121 -393 -666 949
-555 277 316 -707 612 449 137 768 477 86 -880 -631 638 84 -428 795 -383 142 -414 -682 955 -493 -292 -231 -130 -110 556 -249 401 -245 511 -950 -726 -118 558 75 636 -524 958 -185 -836 -442 449 655 -284 494 868 -833 732
941 261 -76 910 499 -837 262 -876 -605 -224 855 683 -722 281 594 -625 -309 -552 -792 806 326 17 -320 -748 375 997 647 -87 23 251 -397 108 941 -910 714 0 51 375 -389 -499 -438 -442 254 -867 627 -698 4 300 793
-371 -84 -863 578 -993 326 227 258 143 -791 -691 -927 -532 433 -942 -763 -632 446 -298 250 677 996 -821 -504 630 -72 -37 895 972 902 -251 515 880 -418 -417 2 -238 -16 -726 987 -654 -808 225 -365 540 390 -685 541 -25
604 380 48 609 435 -718 211 955 832 -245 201 -767 191 346 -518 -858 -128 372 51 74 920 568 -463 859 517 277 341 203 -633 721 -98 898 -295 -312 370 -705 -635 -37 -388 144 -664 253 -287 519 906 84 -995 -903 -60
733 -84 -842 -684 -806 850 -349 -129 331 239 796 493 660 142 -469 793 -890 939 799 -740 -525 347 810 203 -581 -680 29 738 165 931 181 -755 -939 -425 -244 58 -124 898 -39 -63 515 -703 -201 -783 -661 -872 941 -63 -670
379 999 -377 859 -291 -813 356 884 -680 826 -561 -963 442 467 9 -917 -425 311 341 -976 -509 -539 645 -348 383 -207 346 -701 173 -941 -978 -945 79 -602 324 770 6 -892 967 363 932 819 -310 1000 -981 -571 -320 -638 54
-907 -51 -400 383 -219 -710 -630 945 -828 -11 -764 -645 60 -580 337 901 361 401 -665 -994 48 191 -989 -371 -951 -121 -58 -882 -495 -338 389 775 -656 -20 -212 -149 -32 161 366 -826 -82 183 -909 151 -254 -635 -310 -82 901
-483 -868 -15 825 576 -942 -710 120 387 469 99 66 595 566 -483 484 -436 -814 -419 740 135 -864 579 431 -162 -25 605 -175 813 -294 34 -847 -310 238 663 812 218 -71 -781 -96 -740 587 -460 -66 -867 79 -270 -83 986
-659 -324 454 -852 997 978 479 297 -839 -877 175 979 -926 181 482 223 382 -808 -950 302 722 775 434 -190 -826 643 -819 251 305 -740 -142 62 -359 -171 258 -693 -674 710 -683 529 85 -930 487 -223 -371 609 858 588 -911
-583 77 -674 999 -890 921 177 460 -22 640 -906 480 -79 -221 470 -849 212 -905 648 -843 554 756 -827 108 -882 402 -424 131 720 -953 653 -331 -670 968 872 847 -769 -639 127 -573 -637 213 141 921 -627 398 641 -331 -566
19 -830 -276 639 -53 -70 620 -55 987 782 -516 206 -355 -1000 -820 481 -946 267 169 -664 466 624 -999 -789 871 609 -342 174 -525 -447 802 68 334 -206 -38 -704 -354 -683 -581 -366 304 790 45 781 714 -753 -378 -96 -432
-865 442 217 -650 645 -793 -94 -302 254 949 859 -120 568 -660 -138 84 600 -994 -858 -841 845 365 -956 864 669 62 885 -197 -604 -472 914 344 912 620 -931 -151 -388 248 -693 -441 520 54 -499 199 -375 638 891 897 447
464 -73 -540 42 -461 -438 126 -712 -313 -831 794 434 548 -43 -566 -806 951 -824 -914 -973 372 862 -602 -224 642 565 -10 -267 -103 753 107 -605 -358 782 233 -191 817 559 27 -743 -537 -704 -979 -544 -903 -713 -54 -844 109
-843 235 -906 -806 -908 -710 -624 912 -403 -497 805 -670 -688 141 160 50 295 -799 -469 -185 403 -540 -309 -488 336 967 43 916 -495 -40 -682 555 -805 -41 -396 -1000 -129 141 -530 788 572 -56 -588 176 567 260 -73 -732 -790
665 816 -568 776 -558 794 -254 -828 -168 918 588 -682 668 591 106 -88 -46 628 645 96 -182 785 -671 -618 224 252 -532 -800 -24 -341 -881 163 -422 -956 859 -372 -428 115 -546 710 507 864 868 -198 -299 -183 6 -702 -909
605 -607 -98 605 408 -272 556 326 49 -102 256 -909 -45 851 -671 -749 569 402 -732 -485 -708 461 -579 -924 -320 -44 -477 282 -467 -320 499 -966 956 -733 -611 360 871 65 897 922 -231 -716 -888 -214 -411 413 -141 721 -875
610 -783 -810 415 443 954 -244 388 170 167 -625 844 -114 680 -830 -856 -1 250 -564 -532 1 678 965 193 483 -798 258 -356 483 -630 -650 573 975 -714 -83 243 947 717 741 -184 -101 -493 64 162 -46 993 439 207 779
838 -312 174 -870 -621 416 -637 954 -586 -540 -577 -139 -43 -848 175 -109 -763 -347 -885 15 778 375 837 94 705 191 -979 -341 -503 -2 -743 541 -221 -449 -667 -448 -826 -124 -540 -294 -909 -262 733 69 385 -909 537 -869 393
666 -130 520 -918 57 -975 227 -524 72 862 276 98 -608 341 -663 -4 395 272 -96 -663 345 958 -637 -696 -273 -325 -231 -495 412 -148 858 -35 477 -484 -647 -86 -409 -532 -34 232 791 917 -890 -43 261 805 714 923 719
78 -887 -275 -655 -845 -631 -320 -934 441 455 -769 883 -217 238 918 127 694 -894 478 -303 -618 786 172 301 -253 466 -990 -996 127 946 825 463 -223 444 652 -391 912 50 -435 -703 720 461 -887 -248 717 690 365 -239 -263
983 -731 256 -920 -995 311 579 238 -320 404 -307 -773 254 224 441 -717 682 -994 679 -623 615 -837 467 -239 899 823 -680 717 0 83 -160 -799 -85 956 674 961 -756 373 -529 -797 146 637 -478 -62 -416 -451 868 219 500
179 892 475 251 -392 -66 698 338 244 -840 163 -624 -310 -725 -124 155 -699 157 -380 -72 -582 -943 397 -883 298 830 -968 236 304 389 466 314 806 10 -634 671 689 -206 -359 -4 -656 -73 -597 -610 -48 -199 -822 569 310
578 -412 857 727 -126 -555 -982 517 472 784 994 648 661 -553 -89 -100 -203 -950 857 -324 -394 -883 -637 -184 -301 952 735 -283 231 764 667 909 531 -631 393 -341 -592 723 302 -567 72 -790 -508 -9 241 -931 12 -94 593
-460 780 -256 -273 -820 723 877 -896 168 -117 -82 -341 641 921 -113 -984 -39 -827 312 302 245 -822 180 -283 590 172 -555 -227 295 -71 -710 635 956 563 -64 -232 -714 -789 -884 -180 -951 -100 466 -540 158 74 -698 -900 -261
-810 13 -996 -495 -866 -389 -38 707 841 -195 694 567 -373 -612 -737 188 -690 -765 -298 595 -808 -884 -708 -648 872 -577 -304 -382 -302 -903 891 -232 869 572 507 71 900 -79 -527 -768 -263 -606 990 226 922 978 -1 311 844
562 405 950 -29 380 -215 -708 410 500 134 865 593 709 443 491 834 -88 58 -892 -114 -252 -819 701 208 -535 552 150 688 -957 165 -259 644 370 -505 570 -20 -853 833 143 496 -81 -774 257 684 31 526 -169 -222 -192
460 415 544 659 124 494 374 -456 460 -829 -40 -605 -539 -584 311 -816 590 506 -746 174 650 296 -729 902 624 545 -270 -580 -770 429 763 259 31 645 -325 -237 -168 -573 -441 215 562 -347 122 -915 -525 281 -241 -668 24
-23 329 -300 985 -1000 -448 -956 218 -160 185 -736 259 912 427 -423 827 245 22 118 367 -327 -851 642 397 330 -107 462 528 459 623 -616 -267 -838 609 -677 -589 318 -193 -163 -909 440 -459 -781 -828 -9 433 -423 351 -960
323 -794 -818 585 215 -253 -952 -292 402 365 -784 528 -98 -251 416 -778 -569 -996 633 179 -387 -713 -111 -379 170 -283 845 -643 -122 952 3 172 -41 708 -872 32 -543 927 -177 -271 731 -862 206 -749 967 -414 -684 546 46
-342 -667 -825 -778 529 538 -569 408 921 -513 702 -656 875 142 583 467 -604 714 -549 35 331 522 999 -980 -836 -219 -27 -853 393 734 -310 951 280 97 -304 -298 950 -311 596 449 -450 -230 357 -255 -586 -290 -584 -503 582
-154 772 871 439 676 -426 598 350 -865 385 401 685 -530 -350 -152 807 184 556 -904 903 -259 54 -29 -942 -708 44 710 494 -401 -598 149 889 -471 -291 -93 -923 -978 -708 500 -884 313 257 492 444 11 -407 539 -725 607
-388 -711 655 580 331 920 -939 -740 -416 -663 803 232 -989 935 889 -454 -489 340 -194 -405 -294 39 -824 875 -707 760 248 -336 56 103 25 -401 -468 -185 600 -343 55 199 175 -856 711 744 -154 -73 886 330 -578 858 -885
-5 446 -179 -27 256 -496 707 -23 129 -437 -700 -373 -842 214 845 994 810 -365 -833 169 94 -391 556 -306 810 -760 -178 404 878 -225 -371 -415 -418 -849 -351 -956 525 -668 130 -313 -54 252 4 -540 -910 127 210 -250 -743
-455 -410 -180 287 -806 -121 835 707 -602 433 236 142 -309 809 264 -223 -238 194 -992 906 640 414 -414 943 -36 -647 424 20 377 -994 362 -583 -994 32 -469 -62 852 -805 636 -436 275 305 111 15 -1000 79 570 15 -327
869 135 0 -686 -522 -574 -896 -79 427 361 968 -190 -136 -350 957 59 -397 723 739 906 190 354 -879 -663 126 618 -879 476 -450 407 -999 585 972 234 834 800 -724 -673 733 -775 744 -268 -269 -659 -9 865 626 124 -263
610 546 -805 813 784 729 -633 -336 370 786 698 -443 -651 -799 -362 586 -910 955 597 490 -189 -845 -384 484 383 -746 -408 -787 129 -185 422 488 -112 -375 33 -545 407 -378 -96 -963 -981 -944 -544 -37 59 654 276 -490 237
-285 972 831 -618 631 -369 -506 896 326 -240 758 482 -927 -934 617 388 -270 -667 178 -431 440 -705 450 672 -265 924 -703 583 -56 -105 -190 357 -322 -74 -747 -313 -364 48 -709 -640 -393 -149 113 -597 -190 -395 -825 -926 -480
-310 668 -609 -566 677 524 765 956 577 499 253 62 -219 503 -976 -434 -561 283 -997 676 602 77 858 195 -735 434 -331 -753 838 623 105 327 -904 695 -46 238 178 -206 411 310 -344 -433 -987 774 -800 667 355 755 518
513 -458 -541 601 -383 63 663 522 959 -743 -225 185 171 -880 345 452 -922 735 634 55 -671 -682 473 213 582 -68 962 -507 -386 726 264 740 601 542 -245 -42 735 805 -887 -912 -179 806 196 392 -400 -242 -901 -824 -372
-136 -140 -882 -48 194 629 -259 234 -148 -700 -688 -186 -797 349 -643 -532 42 257 -703 -544 -783 -34 632 987 574 253 806 -673 -45 -271 -191 -567 134 -412 -26 -826 -758 -41 -813 -53 907 932 -408 774 -690 411 -525 -684 760
