25
667 166 492 631 -13 -772 -361 -941 789 -550 766 350 -231 795 701 -340 -780 698 -868 -655 35 611 -285 -208 140
419 113 587 -380 501 129 64 -18 -645 640 328 810 -54 -742 -578 -590 -717 -706 178 -324 767 -156 896 328 -526
313 -622 40 880 918 133 -919 -117 365 512 952 529 -128 49 360 244 665 651 -194 -423 279 874 -433 861 4
415 106 -788 -142 438 480 -943 -50 -653 272 -845 -506 -319 -509 699 538 548 801 812 -61 -622 -460 -154 -928 39
-162 -415 90 -695 848 573 839 74 41 45 376 415 888 -968 -421 589 -265 644 959 -358 -695 324 719 750 780
888 398 -306 -561 550 949 262 -268 548 256 -541 548 -355 892 -421 -289 766 918 503 -962 -814 -774 201 528 223
637 -870 262 705 -998 506 68 554 439 -325 611 -348 -285 -776 -129 -197 -585 995 -743 734 -408 -972 -558 -475 772
30 401 -294 810 623 -22 -847 504 -904 -611 921 671 773 801 356 -811 -25 -617 606 658 -433 -195 189 705 968
575 887 188 -124 -123 213 -850 -271 672 198 -588 -18 760 332 752 -305 556 702 328 844 -168 -770 -365 -178 -747
18 951 -43 -10 -684 -919 -332 208 -956 -803 822 176 780 -633 332 -457 825 348 -14 917 -995 889 814 -88 243
368 -521 197 782 -927 -865 565 1 312 311 -641 937 758 777 243 401 -308 666 -2 -391 -152 539 321 239 -477
111 -790 -321 -937 -455 633 580 -190 843 63 -105 118 628 -468 236 -697 -505 -819 -665 -211 332 -647 -728 38 433
195 512 707 774 -580 771 83 461 -394 305 82 -157 190 148 -509 -450 -159 -509 161 -630 -929 143 -484 -374 -527
872 832 -611 -415 904 -845 402 834 800 -517 -366 -753 -783 -170 -432 160 -332 -713 -893 430 386 841 162 684 -121
238 -35 472 862 543 478 191 418 -358 770 827 -72 454 663 -724 402 655 1 845 -756 863 428 -104 467 -405
-627 60 445 -10 -662 -706 -220 -628 932 -226 974 -207 484 -982 63 -383 -945 -62 -893 425 -353 -212 93 811 951
943 699 -24 116 -620 -815 835 619 546 -887 -646 757 -600 -35 453 767 -8 378 897 -84 -186 -554 853 -898 -228
-687 -552 -114 586 242 -332 -16 69 734 942 -833 -333 326 998 -548 402 -341 -43 902 434 628 -831 -683 273 -380
808 337 -132 842 -414 902 479 417 -285 -538 323 -624 -60 623 410 106 -79 -665 -44 104 -631 947 -644 980 676
37 -2 761 -760 -283 -201 -232 -945 45 432 -96 -672 970 377 -425 -540 252 -593 -561 867 515 303 -504 271 -67
493 -621 -261 715 -262 -258 -926 452 820 918 -522 -816 262 304 966 -344 -670 -526 -91 -892 0 192 -543 1 690
628 -373 -655 278 -34 -885 -367 132 9 847 -628 -226 -164 763 35 -836 54 416 284 944 -322 61 518 -923 -998
-253 -266 -56 430 763 -328 590 -208 552 402 -726 -664 -939 675 -570 971 -593 -704 852 -828 -343 -336 315 757 222
-614 -1000 -872 939 611 -15 761 -282 -645 -874 -845 997 633 -70 293 667 732 541 -584 -446 -847 -255 -952 829 -897
-428 -565 -112 -970 544 -192 750 569 498 987 -126 461 -423 -52 334 306 766 -9 408 -469 803 -428 570 706 486
