49
-701 958 -51 -744 646 19 -47 102 772 -697 -563 646 -198 468 972 -501 -892 925 -134 372 -708 -204 -929 106 -798 -227 332 -727 350 865 -213 -131 -70 -990 -177 179 64 14 9 -723 -952 946 -877 171 -664 -813 -498 436 586
-867 528 563 130 481 780 -391 961 -442 350 408 -458 198 -616 642 -795 704 37 -354 816 335 1 -339 -145 130 -979 -345 -171 392 -327 -607 -434 765 374 -177 914 427 617 636 -811 46 967 484 -855 69 -785 478 -738 911
-892 -972 -277 720 655 -972 978 -428 189 -158 155 -86 -878 637 131 836 933 0 248 667 -484 140 -119 27 -263 174 308 465 32 427 -803 977 109 575 -473 -198 -484 152 -889 181 780 572 639 295 929 281 -268 133 -541
554 -744 90 -181 19 -828 -413 -497 522 -75 266 -724 838 -809 417 -706 850 74 -273 -719 940 719 86 -374 592 80 646 545 914 674 187 -331 -695 -527 218 -673 -969 -947 -287 43 -534 299 930 -70 -476 374 -915 -854 870
851 -435 -22 360 748 277 -978 -614 -220 634 -351 -75 838 -924 -824 726 -316 -527 636 -531 -552 374 803 -26 713 214 988 -657 -78 -747 -475 689 802 -753 170 810 -19 -993 -601 -519 178 913 -261 -868 -961 315 32 -145 354
402 488 94 232 -902 -826 566 -342 -190 -579 835 156 306 -43 166 -627 -363 337 -498 508 -337 468 773 -200 673 -117 240 868 -62 898 874 -534 -234 -626 -937 -427 -211 -58 490 354 926 -904 -787 -484 229 527 -766 -986 516
707 169 944 -320 201 47 68 464 419 503 675 -940 -526 794 -141 566 -994 -963 -632 860 -749 -941 -872 -355 -872 -238 -548 820 -756 275 667 929 529 -411 222 583 -970 -987 -29 408 -499 333 129 -801 -376 309 543 -297 -716
500 679 992 937 305 -592 109 -311 153 970 -296 955 165 -405 109 468 605 832 267 -107 281 -440 -420 30 410 -818 504 -765 -154 901 586 986 -912 176 -226 -742 -129 563 -162 413 643 133 251 -970 -754 -390 -431 579 573
562 -210 744 -3 -917 228 382 -974 669 -853 404 947 390 388 -737 -131 525 703 -114 -231 -536 569 984 933 954 181 -346 756 -960 -885 532 -126 -417 -658 320 748 930 631 66 26 -774 -92 -57 -177 -12 666 892 915 -957
-558 46 -964 -993 29 -416 100 -667 942 128 -337 -642 -188 -932 243 -675 -892 796 186 978 -991 360 890 -817 -767 -382 133 38 -204 -921 443 -192 -913 312 -290 494 -655 -993 -910 758 893 -588 755 324 -915 -792 -335 -934 -713
398 -1 109 216 -624 -863 498 852 -567 732 -476 287 -579 808 880 -234 -845 289 -574 409 143 -151 351 618 -283 692 -165 947 396 839 46 -678 935 -956 -736 -61 -818 -630 386 -991 750 -255 -350 -681 785 406 579 -997 223
-603 -903 -518 719 -674 -55 -396 202 -420 266 699 -367 -677 -646 -277 356 -359 775 -850 534 -678 -982 -870 -865 -934 81 -446 660 756 30 166 760 -848 712 -516 -367 665 -331 326 994 -422 -19 785 663 965 200 72 833 -420
660 525 -632 676 669 -607 -66 -422 -301 -757 664 982 -445 560 -722 422 119 -729 -17 -285 -539 33 788 -792 397 -876 782 -463 670 128 -906 -988 30 988 115 232 -852 -162 929 -520 348 -704 -483 -852 592 -320 -893 136 -873
-99 870 996 852 143 619 610 -337 932 -220 -652 826 -283 -333 731 -414 306 -378 684 346 -184 888 952 103 -375 -499 614 -686 763 -596 86 -638 656 758 904 581 509 -211 -928 -470 -569 -556 179 270 728 238 -339 -820 387
-672 -228 525 -93 397 -972 -134 739 568 -807 -837 273 280 -89 462 786 910 500 502 16 -980 -475 502 -295 -713 108 -555 77 -933 798 710 -489 842 -668 -677 -968 -442 806 167 323 -36 858 -139 800 831 942 728 539 -505
-914 -34 379 999 -980 -452 93 -642 -894 -422 501 834 775 -439 612 24 -449 -991 888 777 -344 -528 146 -305 543 816 12 -562 424 294 -334 -801 430 -646 112 717 -323 -393 842 527 -884 817 242 630 -765 -450 355 170 -76
293 89 304 -342 -315 -451 848 513 -305 -905 821 630 -817 224 -223 197 -582 -452 -702 -503 936 -611 -81 922 -310 926 -657 -767 834 -241 267 376 326 -213 -44 -350 469 -977 202 -599 -335 -719 -931 -232 -657 -371 113 731 183
380 -543 893 -670 -454 -162 -932 -448 -240 -531 196 762 164 267 -4 678 -945 647 672 -765 783 -515 -945 540 -147 -330 -935 887 -681 392 589 627 864 -897 631 -765 -310 792 257 -213 455 834 676 708 -896 812 -280 -849 981
-70 682 -546 -836 -52 885 126 -787 -925 774 278 -710 693 702 -96 869 -220 -84 710 398 -863 30 -202 -492 -405 319 961 98 -304 957 68 805 -442 -922 498 759 -256 590 205 -427 -489 -726 -856 888 -562 13 -321 -208 -153
-808 396 108 -404 -848 871 253 9 476 -576 -259 -454 455 -845 -627 -112 128 355 -533 850 -929 -9 -49 -296 -319 281 813 870 -971 796 -871 498 525 690 350 645 850 -348 -171 -393 202 -801 465 -411 -123 -793 447 259 -633
-800 -550 558 -993 -471 475 308 35 608 21 -400 646 -768 229 127 -320 653 -131 236 -77 534 368 464 -744 -683 -957 385 551 53 -855 988 799 80 766 821 760 -751 22 636 31 654 -585 -236 -250 -343 676 24 -729 593
576 -564 -167 920 -636 839 896 137 6 -373 516 -930 728 -714 -938 601 -116 -782 897 468 -316 882 726 476 -442 913 -913 288 -36 686 -722 369 193 698 -222 92 -14 721 19 -442 256 -77 -228 -600 -665 119 753 -749 -941
742 -732 -310 -187 368 271 767 -908 -286 -892 -964 -15 309 191 349 607 -780 -832 -619 27 928 214 -699 -280 962 167 674 -31 -135 627 -87 501 232 -324 657 105 -435 479 373 -648 -196 -383 806 572 -154 823 157 -706 400
453 841 -272 -607 114 -108 239 647 -559 392 681 423 -399 -48 510 -717 -909 308 -242 502 207 -455 -908 -191 706 318 -968 -829 -5 -686 212 -265 -889 321 -15 -208 -442 306 353 57 874 -647 -584 -542 704 -956 -720 -146 -731
-404 -196 -784 -662 -992 467 -43 -952 -313 -396 -530 276 -263 -147 711 -64 -363 759 457 -692 333 490 -394 731 -188 503 993 516 930 201 317 -571 -658 524 923 -359 -242 942 339 -439 -42 -198 -761 -63 521 -224 730 669 122
135 -74 -702 -310 945 -834 -648 247 206 -244 209 514 -55 -828 53 894 662 418 -816 -456 645 -236 616 -1 943 828 543 -108 996 990 582 880 933 -518 -173 990 -410 459 51 128 -264 254 41 417 24 342 -231 38 -952
993 964 -486 -234 211 -288 -855 -74 -480 -888 490 547 -829 -647 -300 279 -968 -263 236 -956 -307 906 -362 -626 520 -715 965 -18 324 -709 1000 965 776 -884 -183 354 457 -922 -687 434 -32 656 -877 -634 341 -812 94 668 -601
224 -922 -289 55 -727 -857 180 718 -399 607 387 -381 193 174 -973 900 -700 166 -599 -191 985 560 934 -700 397 -831 -853 774 -876 799 -192 577 -995 -700 802 103 -970 985 -553 -557 185 768 397 -110 816 -304 -976 -260 -647
-743 -843 806 -203 49 -880 883 282 847 -806 750 -642 -976 234 298 917 244 -409 826 -178 699 189 70 -317 103 26 326 -203 533 -529 -964 -863 47 -494 47 341 520 116 -846 47 -305 984 897 -571 279 -377 -199 -966 632
-801 -145 -254 19 -241 -401 -886 -745 -877 207 699 -252 -258 365 554 43 -698 368 -557 86 -467 783 -199 -235 525 371 424 -736 -331 946 570 869 7 123 257 389 931 438 995 720 -577 21 167 632 658 -575 -576 522 -612
683 612 -62 473 548 662 -92 723 248 -301 -329 617 -606 174 -894 -263 810 -815 90 878 834 -323 -959 604 981 851 793 146 -922 -198 -774 -264 -743 81 213 -462 -330 475 -23 -331 -575 -429 -846 -284 -366 608 -197 349 649
-453 715 -648 -493 -66 -321 363 -962 -197 133 -702 -482 -874 -763 834 -197 -331 901 -181 -836 597 680 424 862 12 -755 -309 -98 -527 -727 -433 -221 360 542 772 167 53 674 -745 -646 151 -211 915 -899 92 641 -583 489 -941
-114 -963 -79 -972 -682 -358 -482 140 931 -450 865 -751 97 36 761 344 -25 -783 -421 -692 -57 620 -348 -894 -605 -580 -19 3 -249 -670 -981 -783 298 -680 -915 -675 -645 -50 -585 -679 -305 355 415 -758 -666 -611 -820 -393 357
-585 -126 -725 495 981 540 623 491 525 431 -865 -157 -34 -104 -752 -947 -304 -178 -706 -267 -125 797 552 -318 851 -137 521 241 -185 -867 -117 -587 16 -938 -78 -42 457 529 -528 -257 953 490 890 -178 920 104 778 -293 -115
546 -779 -765 -949 -215 -5 -643 911 -345 -2 378 -673 286 -738 -415 452 341 -76 235 -552 -232 -124 -59 -163 -41 -149 -7 717 282 -42 235 -468 -225 -530 -834 501 -103 -996 305 -226 -358 -841 -186 -580 -160 -745 -995 206 841
447 582 -417 -528 31 -532 827 255 812 -827 -153 -844 203 685 932 -373 560 432 -748 90 144 263 -409 514 -818 -34 -351 682 -483 217 973 264 -6 964 827 595 -507 -265 -890 -265 -519 398 -912 -716 191 985 980 558 544
905 -391 857 -402 -152 -955 368 298 156 -203 928 -701 319 -64 -503 -638 -348 -296 -793 -859 -679 85 -885 465 -222 -880 -985 231 -435 -407 -304 -160 -239 129 -626 622 995 -211 -722 -183 -253 302 -983 -53 -85 990 -267 507 498
-174 -651 389 -371 712 566 830 -114 -7 648 254 988 269 -129 -71 111 -840 -746 614 462 42 473 -363 596 -10 190 -829 125 151 30 -350 680 -213 -676 -58 -481 -480 -279 566 786 -966 720 -235 -735 -186 502 213 763 -189
-149 -599 -902 88 224 -461 -745 713 -340 -910 -637 988 -354 -758 633 417 389 777 986 49 914 -478 -4 -586 546 383 317 915 -934 903 62 -672 -866 958 -51 -334 -235 400 519 357 576 -256 -44 -861 173 -772 -639 -931 719
-966 846 102 -786 864 266 147 419 642 -724 659 995 -780 -347 -619 -87 -337 586 875 -796 205 129 -315 -216 -452 99 31 -62 -773 -195 297 -52 -367 -597 60 -594 -908 962 -356 -371 73 198 -945 802 897 -106 -42 -288 420
-525 922 -433 -398 450 166 439 835 189 126 -108 -930 -884 463 -95 139 374 -835 385 425 784 73 26 190 -722 -637 -355 -294 363 984 -12 743 386 -460 -321 250 969 624 -726 390 778 -607 -381 528 -291 -750 866 784 -935
370 468 289 205 -569 -594 -493 -113 463 -334 744 629 211 -815 -2 -559 -829 343 764 600 539 366 251 -75 -5 -776 -665 -514 -324 -40 70 -570 -61 -677 -899 340 -104 -278 -772 420 -539 908 -470 -923 -612 -580 826 -360 -334
-179 927 -882 454 -689 -735 875 717 -206 790 -638 17 -230 736 506 -329 -256 71 738 -20 566 -593 -566 -428 555 980 -815 523 -497 746 -495 -392 -599 254 -926 414 692 258 -535 -783 123 -312 595 -19 -690 264 -5 803 -169
452 -151 -677 368 -539 36 -802 413 708 -452 94 -902 887 984 -451 -238 -473 115 483 -199 -43 -475 -625 897 -150 330 -914 -97 361 222 162 768 -426 192 390 731 381 757 77 641 -574 -554 299 -807 -478 -182 464 953 -535
613 -495 111 -441 967 -867 332 415 -84 -360 725 527 -542 228 961 844 -659 -638 694 -959 -383 337 -603 257 582 -832 -584 -190 -980 574 901 607 854 -18 -661 -254 236 568 509 -346 345 -387 -974 680 695 -178 476 -312 -419
-486 -632 -414 -120 -502 -613 -292 929 468 -245 362 -574 990 -542 -839 -331 -405 107 -492 -477 -980 548 327 -944 -419 136 865 -544 -163 172 -582 -138 621 -424 -942 -194 6 945 -618 -675 746 8 -134 -116 -693 -399 816 774 -314
-705 -252 206 -788 253 999 856 417 -147 -58 -619 198 -595 629 -618 -139 -865 523 -250 -643 -868 807 879 645 -431 -121 846 -971 -492 829 280 657 941 591 969 743 308 -331 436 -817 675 383 740 -558 -394 245 18 895 143
-520 -302 858 -184 -855 -542 952 146 157 450 -488 480 -365 -901 -941 -90 -181 962 -713 -721 -220 -887 31 749 788 -858 503 715 187 -719 -956 -616 -622 -525 26 -913 933 -236 -979 -785 -279 902 611 495 -255 859 320 902 244
-874 -360 499 -290 -709 -520 914 -810 -637 -241 -834 926 -282 -710 -860 -391 281 -498 -319 286 -801 880 401 -654 -846 -696 -907 309 896 909 713 -429 304 -392 -501 -665 17 961 -434 -98 -911 572 510 434 -82 607 547 -627 122
