57
-113 -885 -613 137 -966 -474 -849 753 117 -941 -139 -661 -895 706 -736 516 430 469 266 -856 -464 -591 -225 47 -409 -626 289 -257 -599 -842 487 608 864 -92 -788 450 -460 -747 633 731 451 -827 -404 927 -782 42 -550 -907 -698 483 309 -931 235 -967 743 401 -351
-812 -760 -576 870 376 -631 491 -314 -21 875 994 -788 -143 -576 930 93 708 -619 -327 553 -787 -992 -940 533 -625 887 -413 -535 -222 130 -566 -649 -118 -948 227 913 439 884 -526 946 -900 573 -242 689 -968 -697 -261 315 305 506 -464 572 -171 858 427 -79 -810
-216 -235 -152 -55 -806 99 -736 124 -20 -299 -972 -816 614 816 205 -789 -386 71 -440 -843 624 -167 -798 101 880 -122 -767 471 352 263 971 -894 91 829 701 491 319 871 454 -283 753 -220 -676 473 -399 -940 -505 -664 306 412 -656 -736 862 -116 368 295 710
404 169 612 -895 603 -553 623 -736 -873 330 -914 -761 -434 167 675 314 22 -77 -96 58 -430 -249 -34 -155 -339 606 -424 836 294 -241 -782 -950 -686 -330 -606 16 -986 -230 -121 304 -259 -419 192 233 -611 138 170 -397 346 -20 -465 890 -424 -550 636 254 523
-506 -775 -457 724 -553 -798 -277 -313 -572 438 657 -299 -87 887 329 -704 228 880 -821 -232 494 -11 -832 861 296 48 -692 -647 519 834 -70 -128 -595 -80 -737 340 838 -737 -593 -552 422 57 -731 649 -21 557 686 -887 -648 313 -459 510 191 -957 -542 -21 153
58 519 -348 154 -687 311 -707 864 -837 283 -856 -851 -415 -709 919 446 -523 -513 663 -585 -758 -663 -1000 -923 322 -957 -219 88 -731 587 748 379 79 -705 -499 -263 127 234 -836 720 572 -848 637 289 -74 -635 153 231 365 -395 -369 385 -473 -246 -971 -90 522
436 101 -914 -66 265 141 718 -848 -108 166 288 340 623 -777 129 995 -814 -712 -281 408 -684 330 -483 -747 861 -335 987 612 -658 -380 255 -583 781 659 57 -939 -847 -263 915 -391 -691 50 255 271 -369 761 -239 569 331 -553 898 -836 900 156 -514 -524 -844
531 45 553 12 389 -791 -971 -298 -130 141 -351 578 -18 -71 492 -955 687 -392 -234 -774 -412 423 256 543 527 656 464 -846 -441 377 964 369 -514 786 79 331 931 -900 -815 -453 -651 180 833 -418 792 -332 538 -659 -46 377 48 -47 -259 697 828 841 -770
-349 -857 934 -84 -635 7 949 -817 -627 -827 -485 -830 493 -352 758 748 -321 719 -576 -690 -545 -288 -128 665 905 -599 -381 -385 -924 -157 760 -36 508 293 502 -385 250 -413 -100 -826 -909 -90 957 905 -386 -509 -899 -160 -889 -966 -438 -824 222 -390 195 950 -271
-644 784 955 -88 541 784 87 -989 39 347 -952 56 972 869 553 -755 -223 -748 -47 -645 946 -14 313 962 129 -557 -211 777 203 -211 -360 63 -985 867 -451 520 -972 111 504 718 415 156 -559 379 -651 -660 -459 -379 -233 930 -233 816 -217 -397 425 -355 944
-429 -756 633 -999 -919 -424 891 -734 249 -685 581 -285 103 -812 557 -271 -770 -927 -490 -47 -379 -877 -555 -205 876 350 721 -639 974 229 83 -595 831 324 -464 24 -535 -324 -550 -301 -308 499 -346 726 -440 758 -576 -314 -621 206 -653 230 351 272 -409 -181 529
-626 900 -62 778 -519 -882 -751 -39 -224 -39 54 855 385 -54 -745 46 657 177 837 528 556 -601 -702 95 738 -6 -900 120 -895 502 448 -713 335 -336 264 63 -145 -458 81 -92 -85 -985 206 279 635 961 -117 485 706 -822 895 516 -114 954 581 -833 9
-134 807 30 887 251 -116 -655 301 -429 -752 764 -614 63 -602 -482 -721 466 -3 328 518 -774 -115 764 -188 -544 -121 894 396 -911 877 -382 668 485 480 -951 -480 631 -39 -654 911 4 286 -770 -373 915 764 879 -297 -780 885 -768 -203 -217 -382 784 -116 245
-945 -42 482 -336 386 938 793 295 225 -163 200 629 -750 -203 -377 -1 602 -55 670 -829 -971 159 982 -188 -146 460 -174 -119 925 -539 628 -18 484 -328 100 -737 -723 -942 -946 595 472 -362 -937 308 836 553 -457 105 164 -952 140 -800 -945 744 -794 675 774
-316 -868 -156 -873 -830 782 -344 -83 445 883 309 -955 41 -529 461 -592 506 -305 364 787 897 -369 211 -436 282 792 -602 448 88 -811 -146 -634 -747 -480 -939 885 -558 494 631 405 630 -501 -960 -818 -414 749 -770 -72 207 323 298 -730 -416 -936 -460 571 -872
914 -232 654 -778 -951 -500 933 -333 351 970 -31 699 -541 506 449 -1000 721 -826 -398 -42 550 787 5 979 -297 -804 -39 600 -884 -487 -860 826 245 -321 -149 243 -640 497 -665 231 187 595 -969 997 104 739 350 -622 -625 -429 -900 175 493 -969 -237 956 735
-977 -215 323 -568 312 532 554 43 848 -184 -585 310 285 -557 578 -374 -79 -409 460 156 905 -610 824 547 -405 -136 -225 793 -723 487 -36 -909 906 398 -553 -197 961 732 683 965 435 -44 332 -249 -246 501 442 460 -865 506 -667 -125 68 -224 -568 581 -663
-1000 -935 814 -621 -479 -682 304 952 594 212 -704 919 733 457 -691 -888 273 -275 990 -601 755 37 703 501 -636 -72 406 438 -484 -376 100 -87 351 198 -166 -173 262 887 -573 968 520 569 591 909 637 -804 -966 700 -710 377 500 139 -570 -661 -23 259 -572
308 -644 -240 619 -63 139 698 673 -601 -920 -697 808 562 -845 -874 756 -914 -729 139 448 -576 818 -596 -380 479 -190 -714 -481 -621 688 578 -568 664 974 -647 82 241 -38 687 409 -556 706 960 453 680 571 454 426 -190 -951 -619 -771 -334 -304 -498 -328 -444
-484 -209 -104 -291 -180 -713 456 850 751 -318 -328 250 -584 675 50 -953 -348 -800 466 -464 32 -151 735 151 -36 696 -588 668 -238 -103 998 361 -110 698 306 -191 -78 -428 -161 854 -766 789 690 956 599 914 -345 830 -231 -183 -933 -223 -345 -928 -899 -650 672
-123 -76 640 635 137 101 -637 -903 -467 154 290 358 -940 -916 948 964 873 -653 256 -739 -484 -985 -747 551 413 970 615 -963 -428 -256 -412 -163 -982 -954 -480 965 -419 764 134 -542 280 -392 -162 -410 -776 -959 561 44 661 347 848 369 56 219 613 -447 192
87 330 -888 271 -338 -255 -185 888 -639 -308 -476 963 840 718 -870 415 -794 19 -149 29 363 -457 939 974 264 -655 -956 -638 471 -269 466 -490 845 -249 -168 -122 -761 -654 -610 712 -801 484 -479 -416 -433 865 -77 604 380 548 776 639 933 774 -958 -328 239
59 -148 -379 -864 -874 39 564 -933 959 62 -480 -155 636 261 -569 -902 -645 357 -492 340 814 366 -39 906 888 642 -97 -134 725 -656 128 411 868 -48 50 141 647 508 -650 280 822 -909 204 -646 0 95 469 942 277 118 608 -500 359 -654 843 -875 446
-939 -182 802 327 289 785 -531 558 359 -213 -598 201 -336 -441 -809 -349 -241 543 -605 -913 -45 -668 323 739 175 -452 -477 -294 355 -928 -333 354 487 935 226 824 -714 -699 888 -670 454 816 705 -320 -903 -72 99 -761 147 315 -834 -864 -169 981 823 -411 -709
-928 346 -927 -444 -624 -16 -995 963 -101 657 35 -432 182 418 -814 -553 595 -439 273 733 589 939 188 10 -508 931 -810 119 -19 -792 823 305 -173 -828 -782 136 -757 990 -484 -253 491 -224 -163 -441 -842 535 -335 657 -532 904 400 -598 -418 905 746 986 317
-947 458 437 -960 -348 665 -284 -469 -85 -184 848 -529 -474 -528 -169 -413 -176 -198 -586 64 -581 -569 -281 156 950 -319 -950 860 440 740 560 417 672 231 742 -667 -380 -78 -824 -948 16 298 -530 980 -281 -128 559 169 -625 -717 -986 536 793 -396 686 657 -456
-253 -439 7 -237 -315 199 -24 633 -97 -902 -479 736 -25 -543 546 263 81 43 -730 839 547 686 -656 710 -7 -545 -724 713 -432 423 -951 670 628 -734 -560 599 -481 -250 -280 -545 836 -991 761 761 -351 437 659 389 813 -532 -158 971 871 -16 614 -846 -355
-746 -824 -547 -249 -8 688 684 284 964 -647 -539 327 826 584 798 -159 -545 -171 -106 668 852 342 336 -147 -315 -752 503 734 -367 499 -476 76 -710 340 -435 191 -561 164 640 28 840 -419 -146 634 -129 -816 214 958 156 -847 -590 472 -398 -911 -903 878 -973
-850 917 256 552 -194 30 729 -275 -599 -392 199 74 -269 -559 936 -747 558 478 888 -188 -785 -247 534 923 -939 152 -583 -459 -521 -212 -577 -704 -36 -619 -766 -528 -166 976 -74 845 362 507 -196 569 -842 160 2 -35 923 -726 290 -224 289 -690 -148 360 218
316 884 123 534 -235 464 695 888 164 -211 -379 -516 906 -423 294 824 -109 918 147 -134 834 84 986 -620 179 -326 -297 -853 -327 518 393 -170 356 900 -122 715 668 -479 833 544 344 -931 -443 555 986 816 -872 486 -465 -398 659 971 -430 -581 -570 347 114
337 -340 550 314 -533 -755 -444 -715 882 72 -535 286 716 763 -812 -364 -350 232 617 -887 709 331 143 -947 -984 441 -564 676 981 -641 496 863 -55 881 156 830 736 -28 -426 416 62 -722 -217 -414 693 -456 474 -454 -420 -754 -625 -826 -923 647 -552 -325 713
284 175 -481 913 -309 559 491 -741 542 43 -627 17 625 -397 -190 619 648 805 341 27 143 510 -820 -848 101 -244 680 110 -791 -885 -113 313 226 -166 714 195 -330 512 843 -752 123 -364 -918 234 -973 15 -536 -389 567 -491 643 850 114 -897 890 -195 452
-196 521 -885 -910 92 150 371 577 329 722 -273 -944 -849 978 -472 673 -975 882 -623 578 -580 -909 -833 -91 434 316 758 -209 222 872 313 -177 826 -138 217 -923 435 691 828 555 -414 -784 578 430 564 -528 -357 -790 -748 -782 -836 270 -254 218 541 601 980
702 181 -877 -519 -673 -71 725 -876 -733 593 334 -864 342 -365 -833 -432 167 251 -158 651 -398 579 -907 133 81 388 294 7 -199 -891 -136 121 284 949 622 -101 -656 -487 -931 51 887 -119 43 -383 572 -437 765 887 -444 880 -838 -517 919 535 -552 -302 979
-3 -41 -102 788 414 607 -659 583 -576 786 361 137 -862 -725 123 31 506 635 296 69 -408 -104 957 -185 26 -259 135 -798 -385 -720 -802 624 -690 666 890 148 -521 303 -566 88 970 475 -247 -864 278 -283 636 72 -204 -614 473 702 977 624 592 194 524
119 570 -76 -565 562 360 684 -407 820 -887 93 606 -153 -500 727 228 370 484 522 821 -698 -923 -843 -633 345 -25 834 -224 -816 -507 788 -217 -765 530 -592 -133 776 319 640 -401 -745 691 653 149 497 -614 -939 896 95 79 -30 394 724 338 -974 -132 180
-746 685 -538 741 -372 -429 18 832 -749 -521 647 -763 -822 929 -645 -843 316 -839 -264 -426 -537 -778 800 987 -276 -932 -661 344 -145 -692 -755 631 -718 -540 -225 -715 -678 -343 820 531 899 -561 -932 -281 -428 845 -230 -694 967 -921 297 -201 -462 566 -15 -13 283
-127 911 -299 405 908 -438 195 281 334 355 61 -454 359 -858 -154 50 -566 379 104 985 -133 -7 284 -576 -666 -971 269 651 797 257 -317 11 -220 -598 -369 -81 -690 -543 497 -191 -571 171 667 -553 808 990 -877 116 -385 686 -111 -366 -912 372 -989 500 409
892 439 75 202 188 661 321 601 -32 203 -224 -887 -236 -366 175 -11 272 989 73 -354 -482 -509 -699 -137 112 201 472 -506 64 825 -87 -745 270 717 44 -380 -698 -437 604 -970 -640 -113 -391 -348 -46 211 878 756 899 237 -61 -144 450 926 -35 187 -759
487 -181 519 78 -103 -554 -304 -427 523 -285 -41 -209 -397 681 -910 -960 -895 -717 -716 -223 919 -292 -124 -84 -156 196 446 -82 247 354 164 -909 468 -265 -105 995 376 3 829 -235 -175 470 -504 -72 84 623 338 -872 913 -305 -370 -919 211 549 864 -294 301
-301 -500 -327 -256 -57 -113 -778 -198 -17 -191 377 245 221 -569 620 909 918 103 -490 -596 -577 -653 292 705 -978 501 623 -172 409 -466 664 -847 -86 -727 -819 24 -592 87 743 -732 72 770 6 295 79 -1000 983 144 -798 996 -363 638 676 732 -591 -207 385
-261 213 -940 28 -390 192 847 -266 -738 23 -347 189 301 -110 -476 -353 -163 464 909 193 59 -314 145 -824 175 648 366 87 -291 523 -359 765 -458 -828 913 335 497 -627 741 -525 -239 950 742 -600 -846 354 848 -538 35 -495 -601 953 -981 540 -507 -578 606
-839 -957 -531 -141 -756 -683 327 -681 333 -687 -779 8 -257 -422 -510 327 -735 576 882 -226 671 916 -419 -656 875 295 307 606 -247 255 409 -895 -858 -495 63 49 -857 -947 673 855 -323 948 648 787 609 848 198 824 38 -195 624 -299 -10 447 839 253 311
766 153 322 -252 -628 386 -475 39 -779 621 -358 -997 294 611 -845 -481 -418 360 -898 -605 996 843 224 177 -729 -408 277 -13 -416 334 766 -69 -790 -883 -492 -508 554 -478 -872 -256 555 -162 -221 -496 536 532 667 -822 979 232 646 123 -371 24 699 162 956
152 -482 149 693 -516 -23 -74 300 -943 -66 -228 -740 -799 289 90 -713 236 182 -310 528 -851 -718 656 -308 386 -119 -949 -329 -412 352 354 -708 -879 794 115 782 377 -614 637 160 998 -628 470 -392 935 166 -475 229 -786 -525 546 -357 162 -51 -85 439 -448
-11 -589 825 222 87 615 479 -584 15 251 -928 -324 777 -465 -521 363 -833 -634 -520 875 400 426 -912 -680 734 23 -297 -384 -542 -433 147 -825 372 -222 274 -312 -471 688 845 -384 -409 -118 -310 688 -779 -628 -249 -800 -833 -960 -370 -202 -166 876 -221 -824 15
555 -600 155 873 870 -25 451 -830 -711 -869 -21 246 43 124 774 -680 70 -536 147 -421 -144 -861 181 772 -806 -917 -185 991 -633 -748 -726 -469 -58 -678 397 -190 320 363 291 374 -905 109 6 579 -239 -176 276 867 858 3 -62 421 -687 24 892 922 486
967 868 580 -270 -354 -942 700 -766 -326 -64 -639 237 461 -801 101 -349 -460 -873 -729 661 -824 207 113 696 706 560 -852 665 -316 786 -446 -78 -713 -292 765 -234 -795 -537 -610 651 -30 468 -528 -861 -960 593 369 -64 -514 897 -355 -855 52 -893 -409 662 -640
627 -664 848 -540 435 -471 -467 766 36 -535 847 895 -674 238 417 -605 422 -434 -497 -895 -372 -948 -908 -664 -122 -816 -37 -551 639 397 -626 761 72 -709 -89 322 979 -355 823 -219 -902 -644 -474 -27 787 -608 -874 349 174 -497 778 567 48 344 -105 -256 -734
308 -12 -832 1 370 104 -437 -116 775 290 295 -921 -695 511 926 -855 -305 431 -903 451 -44 280 -324 -464 -677 -906 -909 883 759 -722 -322 820 -972 -953 864 737 -857 64 -823 -534 443 500 22 505 -698 705 743 -783 637 -71 -605 -59 -922 -575 603 560 279
-399 -772 276 -158 -377 696 877 -397 810 22 -638 560 922 112 610 -457 116 61 75 -36 -241 311 974 -906 493 103 -595 909 -311 -553 649 -635 -460 966 776 -141 -28 48 -556 -866 -135 -306 -852 -924 -670 -41 744 -415 -722 -417 500 603 -44 147 -450 -635 -479
741 193 -849 3 199 -637 -831 171 -568 -749 635 612 599 -144 585 693 -120 110 -472 447 994 -969 980 678 387 993 -910 318 193 497 -982 708 -6 -338 -152 583 641 -814 -67 883 -856 -631 107 954 170 -695 640 421 -697 -956 -569 -604 884 369 284 -959 215
975 -486 -51 411 -307 827 -60 593 504 -416 -784 -832 -196 -827 -740 315 341 654 642 288 -770 -803 356 256 715 549 427 759 -106 -35 920 702 -650 -54 -123 768 722 -890 -941 -224 -563 -76 81 887 640 587 942 329 895 -309 440 482 434 -886 103 -955 194
-306 -627 366 886 -567 438 -468 484 531 507 706 847 373 710 -640 977 -153 -233 743 -491 -468 -806 169 399 910 68 -393 -622 971 -862 -305 -317 879 -276 -53 186 915 780 -18 -205 887 841 195 736 -259 97 223 -847 -594 -66 854 -128 -278 450 -683 307 -169
-707 541 -853 -358 -256 686 -461 361 952 431 981 909 97 799 -708 -134 66 -462 192 -923 -266 717 -320 -618 565 382 521 -563 306 -411 -671 -855 702 -682 -797 -47 259 565 -476 696 547 571 530 -404 985 93 -782 -325 -139 -247 -222 -991 650 -252 763 -201 -409
-613 785 -583 -198 -449 -552 -88 -919 -32 459 -217 -768 -294 939 747 352 -692 251 233 264 299 -150 329 -362 -624 243 -558 -498 275 297 -379 801 -718 29 43 155 761 -550 -646 675 -155 -272 924 -389 510 -276 -43 -547 -739 -293 -716 -704 -605 -555 -474 568 701
-587 464 898 434 986 658 -910 557 -567 63 -395 -361 -551 -804 971 -37 342 -806 -771 -96 250 149 883 998 -899 322 548 -924 -745 451 -42 -489 -892 -397 370 658 -463 -791 -426 545 562 219 313 887 583 632 170 56 -129 435 957 -383 261 -539 886 189 -335
