56
-515 -865 625 473 -422 -627 714 -612 -732 569 4 -27 971 -322 533 -575 -839 433 -983 -842 474 78 -740 841 -221 666 -873 -308 -966 -486 -68 42 483 270 -383 -39 -291 -546 782 979 -894 -774 833 376 -820 654 516 796 580 399 667 -373 -253 858 78 -452
-116 220 856 -542 -667 -839 -700 479 -376 -748 922 -768 67 -993 -624 -35 524 834 482 -123 835 371 -969 -992 -663 -779 731 -627 180 -595 976 488 567 927 -549 -448 -815 -509 -432 534 497 -853 980 159 -681 115 -576 -243 831 390 121 -542 319 609 -93 981
436 -793 144 994 -630 546 -989 472 -277 594 904 -779 57 416 672 520 965 379 326 -405 -804 -618 -264 -384 -965 885 299 886 -203 -258 634 -137 -383 417 -984 425 -95 422 -662 923 -644 401 -447 586 344 -141 783 -685 41 902 -168 -335 -952 764 21 -405
-950 739 618 713 848 -677 305 210 -270 75 403 200 -982 172 285 -434 765 -21 -772 -271 73 -376 634 -213 -420 423 324 908 -290 524 -420 -272 -309 724 206 -263 -567 399 154 -27 -813 894 -338 22 158 -208 -104 244 54 -62 -640 -452 291 17 832 -997
757 298 243 183 -277 -843 -597 -153 847 -968 -561 486 115 -78 784 -6 -368 -295 -687 -419 344 -603 -226 869 -555 -734 -415 943 836 -336 462 286 267 831 -299 197 846 -48 122 715 418 -297 894 -119 -640 412 505 840 -667 546 -476 5 -850 -165 38 619
163 100 470 372 -432 -957 141 491 142 678 263 -782 143 -513 107 -205 -10 775 -32 184 615 -642 -852 -406 -798 -577 -681 304 269 -164 -935 424 -834 750 190 412 -617 -538 312 -463 -269 -621 760 865 -784 855 -442 -549 498 -803 973 28 440 -8 401 -32
141 822 -571 -836 772 -807 235 -13 -260 311 552 947 -603 868 186 -182 315 199 -614 482 -300 -111 674 -550 -128 -95 743 -269 -322 -11 314 -459 -183 -540 342 208 -337 518 -608 113 -587 -547 329 441 -550 362 -848 -992 905 -101 -500 -579 101 -836 25 131
486 -566 200 -526 745 614 759 550 887 652 546 386 168 -939 -916 564 487 65 187 60 565 533 133 460 708 84 875 692 811 314 213 -588 811 -383 22 977 11 -799 740 -361 -762 -967 -895 197 -878 -577 530 -546 505 851 -670 -53 985 52 732 955
474 225 -972 -147 934 -982 -190 -687 -407 -153 -846 851 647 518 323 -581 -523 -130 693 852 -547 104 928 726 40 923 226 68 -141 189 -230 -668 805 288 -555 989 -507 -566 -553 -975 -37 -729 -661 580 -782 -124 -201 5 772 395 484 115 779 27 782 -859
395 -609 -731 -674 -11 -22 -793 -25 -950 11 342 -537 -917 -527 6 -381 424 500 -539 -632 673 -996 713 -220 509 952 497 -295 -355 567 2 466 -348 849 -892 -501 -562 937 999 -870 545 895 196 -451 358 -44 -48 -164 427 -430 593 -52 776 283 -514 215
729 -592 -922 63 -41 324 820 -531 233 -77 470 480 -539 -307 773 913 662 282 -871 569 672 -910 295 730 241 10 245 189 -945 -569 795 -738 512 951 744 85 -152 388 -214 -846 460 -637 922 607 516 -101 -182 418 -603 -989 408 -134 195 -391 -460 315
-325 839 -588 479 -582 257 923 858 96 145 -287 229 793 -734 -38 384 123 -331 -985 369 862 206 -877 -771 -622 727 -150 104 659 -614 687 557 581 -150 -495 -640 563 -90 -513 -715 -43 -745 755 22 -582 -147 894 939 -364 169 -534 600 325 498 619 -680
175 -836 800 584 -285 84 -823 286 619 -228 -465 318 -9 -91 -985 370 -827 369 -473 -775 335 483 255 253 339 -342 895 -827 683 53 -726 -431 746 -994 -138 4 766 -332 -830 -764 -918 -753 930 456 -304 -570 214 264 454 -646 631 -101 295 -141 -77 665
555 -798 -796 -639 -607 -394 414 -575 -431 -595 -694 28 588 -124 383 -747 941 -170 924 844 -883 735 -673 500 379 -922 686 571 489 -256 791 216 -824 -585 535 -677 -642 488 -142 -478 -365 122 690 236 496 736 439 -942 713 -980 507 -817 -573 -4 129 274
-232 884 -405 612 -964 89 -25 341 -454 218 -822 -995 -333 -438 690 707 -884 -16 -664 -108 144 52 -450 -222 -965 113 -737 -715 835 -696 936 10 -61 616 -854 -278 175 -640 52 -804 -754 -4 -665 539 -878 101 -375 -856 -650 -895 367 -116 -217 892 -6 -179
-600 570 78 841 541 520 284 -436 -181 -318 7 -863 785 970 398 487 -687 -795 395 -497 -687 -698 475 315 629 -377 -1000 -466 -528 -171 -188 889 920 967 994 358 -876 472 -955 -789 -799 -211 419 916 -767 -475 -157 904 927 329 -107 989 215 698 -480 -832
959 -385 363 -252 229 138 118 441 749 -757 -248 -127 -396 123 755 -578 -685 -792 -658 -791 -27 664 427 820 599 -895 -310 708 882 -770 -93 -317 -633 181 -844 636 689 828 238 -460 528 -513 -442 544 -287 93 -469 20 -412 488 658 592 -72 -711 -864 832
-427 573 844 -636 369 -369 -427 636 -788 163 626 155 -409 -2 -205 -495 -996 695 225 141 -722 14 -40 -647 -329 -901 -505 820 -518 -204 -446 -649 -207 -980 -798 -700 240 834 -248 -395 -501 -692 683 -70 978 -945 702 -81 359 -826 749 934 32 483 -780 731
292 725 403 -912 -670 765 681 -651 -114 689 -588 -108 -346 -910 499 -434 -290 -461 402 -693 -156 10 -76 911 -142 9 622 820 830 -870 394 951 338 -725 -50 207 773 -313 -176 6 561 -699 -945 112 262 588 -494 294 164 -204 -145 -843 522 979 -567 212
379 318 423 -447 -840 229 261 578 41 847 -237 809 329 -241 800 -409 -13 751 83 392 -809 837 -523 327 -190 101 -478 336 -333 833 -510 436 -170 19 200 -292 -677 -697 -844 -918 604 544 -909 442 52 -460 693 -840 -196 868 135 46 593 -526 -298 -476
-251 -426 -616 360 -157 -136 -489 474 -1000 -126 772 327 597 -923 -821 182 -56 -695 -870 -87 -15 251 -760 -161 -192 145 -549 -906 11 -953 -325 297 -28 -665 -863 -150 -248 228 -124 -433 533 653 -361 273 69 -176 -692 -951 238 -76 729 988 -534 -643 833 237
232 -162 35 252 318 132 -587 223 -10 -509 685 -973 660 -59 -344 444 -652 288 682 -197 -416 584 94 199 -694 411 582 -337 -390 -932 395 209 792 61 -138 955 -513 -124 910 845 -673 -411 -230 215 -319 779 229 391 -813 595 42 -671 -533 57 -597 40
698 607 789 641 -93 -14 -730 687 -838 -561 49 -532 884 -516 -552 382 -982 -772 -143 642 903 534 483 -994 -544 -310 -96 -165 477 347 368 914 -89 810 -48 719 375 -457 -766 515 -658 -974 351 -643 -439 -678 780 378 605 -414 -683 -678 883 -881 -652 -955
125 126 227 -881 317 406 39 204 800 267 243 -5 165 -9 -954 -491 5 -953 -135 -506 -82 -126 -397 -955 143 -28 -746 261 530 -4 -468 -757 939 999 10 7 905 -686 -912 -533 973 957 656 -99 -226 101 -985 526 -499 42 -761 988 -814 533 -974 117
459 348 -735 -668 -877 377 783 -530 459 -921 321 238 766 -458 -41 -805 -488 806 753 276 253 245 457 -121 928 943 520 859 -421 -514 961 107 -409 415 554 -63 -537 884 919 807 415 -978 -818 -726 39 815 -906 194 -198 -584 -896 135 562 493 754 225
361 868 465 -196 -750 212 415 -123 666 540 -553 -889 793 -880 641 -621 -69 482 -451 788 947 -997 56 545 848 695 718 -155 150 235 592 523 -143 -428 147 446 211 124 -165 -417 172 -114 -392 -815 618 -893 672 240 245 536 -273 332 573 640 -468 -953
-619 -898 820 771 -259 -145 282 -763 981 38 -731 -194 736 -531 -204 817 -158 755 -620 -67 -845 -843 -360 965 985 -149 700 -884 257 91 640 -121 345 -612 -910 -407 315 580 -508 508 956 -100 -159 886 -105 -895 -772 -8 843 -233 71 -834 -446 -595 -945 -937
620 -775 -152 347 899 278 865 -41 -715 -714 124 -692 754 -229 -84 -594 382 -255 210 -497 -226 774 518 3 142 -97 871 -35 676 251 954 137 646 -264 -684 -542 -295 303 592 535 889 568 -685 -114 -271 -823 -444 -581 -688 -355 -616 967 835 280 -659 953
-814 -427 683 -299 -3 -544 -248 484 939 -929 -738 672 831 -33 -452 -121 65 610 194 490 -393 2 625 621 -148 -970 69 84 501 -11 400 -671 -909 290 81 -90 425 -270 161 -750 -278 -279 529 355 -500 536 -63 -458 650 -126 -321 -211 418 439 -508 408
291 462 -156 216 -99 888 315 -495 663 458 -194 -581 610 -78 596 -613 -461 -745 -408 262 -320 -947 -659 667 -692 -992 470 937 -184 856 -49 -715 503 934 -707 -94 244 -537 915 -292 -24 -466 -369 188 -819 -519 597 791 347 401 -136 -920 -135 230 1 598
859 642 723 2 -533 959 -40 -498 467 995 48 -878 190 189 -634 -237 -953 313 -990 872 -921 -275 -636 -553 702 305 192 -953 -32 161 -2 -621 258 -219 857 -194 -545 984 91 -894 260 186 -178 364 -297 840 -504 -200 -863 -424 940 311 324 477 -785 -979
455 579 825 -72 124 -27 102 -377 -989 -335 -109 -741 -965 -110 -475 -952 -864 796 511 -340 990 -865 290 -189 -94 607 -658 -113 -981 183 -908 45 -302 735 -281 570 -692 359 -179 -952 377 -846 992 185 -261 976 -868 639 -596 253 361 -504 347 596 866 -28
-683 810 625 121 166 -734 -537 678 538 -886 -13 -859 -499 274 -473 575 31 572 819 203 -584 564 -539 -107 -757 300 338 -898 135 537 -881 257 890 420 -514 238 175 455 -689 989 601 267 -111 434 400 -585 -919 -187 -117 -633 -278 12 -635 851 138 115
680 -730 855 -956 -117 -760 668 -478 -157 350 327 532 -41 -424 -686 427 464 320 -404 10 346 384 -115 566 413 -472 851 348 -548 113 286 231 -66 909 817 -36 -611 433 -884 -254 118 -266 287 -720 -974 742 571 -463 804 -230 721 -660 -215 270 110 316
-842 69 467 359 -839 -111 135 181 247 -756 452 78 650 589 -566 -689 161 -458 384 -139 997 328 200 105 97 -596 -302 -400 354 934 -17 -330 69 -699 723 270 -342 -877 509 -777 82 -445 405 696 -889 325 458 403 648 625 723 -137 -414 559 -306 626
743 368 -356 -1 442 483 494 -182 294 -645 -751 -635 -978 735 -148 808 932 58 -722 -344 -327 -798 645 4 90 659 385 883 -378 -748 -538 549 176 -843 169 -734 -511 405 -216 735 -502 -130 726 -721 -387 349 503 240 -248 432 460 -68 -953 991 114 429
916 135 -392 -846 484 -177 37 -506 126 -146 -164 -778 -946 -521 539 -491 -746 764 590 379 -821 346 930 157 452 818 850 364 -64 500 -64 797 -738 -10 -255 -542 -281 -736 -56 -135 780 270 -655 209 223 13 290 350 -299 -73 884 635 -711 518 380 -989
-995 -305 752 855 -527 657 782 895 949 -421 12 617 643 943 195 -19 -392 -249 786 -401 -651 536 258 55 -262 763 -380 661 953 -312 -159 799 681 -533 -262 -622 605 531 -815 -923 -882 637 704 -919 52 -733 437 -706 161 347 134 -145 349 -896 550 -625
368 -378 989 -640 937 526 -84 -647 279 -834 -810 800 289 -401 18 238 666 801 383 -12 759 804 -99 888 476 589 948 946 -416 179 874 783 572 -524 -577 528 -93 -317 471 315 325 953 -717 441 280 222 416 -648 234 -544 -184 893 432 74 -188 608
-885 -838 -420 -571 -647 414 252 -863 -781 -55 111 4 769 596 -808 -639 211 -325 -442 -504 -724 -375 -84 672 -256 -966 797 954 364 -770 804 -996 -996 -234 -251 -145 -965 -753 -461 -279 -753 -878 956 -200 -183 769 -493 -868 287 -680 -235 -103 -896 934 966 580
-292 -241 -883 -142 -466 646 75 757 -755 -218 -44 87 488 -737 665 -792 -905 -981 45 -792 -354 -8 -936 -510 856 -313 874 812 856 622 282 542 578 191 -316 647 318 170 -886 393 -384 75 397 -802 541 -996 779 529 -57 -658 -773 906 382 -767 -872 570
476 -928 -196 105 -19 -620 -170 -580 951 865 955 388 -300 -260 53 -652 -149 -118 -984 426 -329 -821 -572 103 -689 805 -242 -855 936 -610 542 -51 -319 -501 -348 423 -57 767 -656 559 412 2 -565 206 -397 615 815 233 -229 -39 -756 -426 -716 -558 233 314
-41 -511 -406 -910 -387 -677 632 464 89 -399 364 892 514 843 -764 14 955 216 539 -378 -644 110 787 97 -924 547 -707 -415 695 537 250 -442 -252 147 217 309 693 486 -645 -543 -948 220 -271 540 36 276 996 -510 -324 -317 -415 735 -741 58 171 -709
-244 -149 99 508 -183 889 -861 -655 611 132 -250 435 -408 398 -698 542 -835 270 -802 -958 -241 151 -114 -303 490 902 -943 -121 -690 -761 973 -480 646 -468 -369 -219 -335 760 -856 -220 367 230 -491 822 -593 -246 728 -734 -102 832 -106 -897 281 862 342 -755
-637 108 448 166 -702 560 774 110 -920 -552 -130 907 117 -46 -64 768 -877 384 -91 -696 101 -651 642 -783 -331 433 -486 -750 -768 -845 799 -176 -515 829 -822 -84 392 713 847 -233 -43 303 849 1 -819 292 723 391 -978 -476 511 692 -173 180 252 969
-898 41 971 -528 829 -341 388 253 917 494 -835 -266 -367 -542 394 -749 400 -561 -828 463 -258 199 167 445 787 964 -725 -64 -102 -142 741 109 339 -18 475 705 658 500 599 307 -139 -507 -584 -230 898 789 -72 -783 185 715 920 -344 -122 -108 -587 153
993 719 -220 -661 -815 -33 -727 -681 -733 653 437 736 -216 104 977 41 547 691 98 -754 -615 78 -457 297 -597 -816 44 86 -232 729 709 -130 -599 -727 688 -68 -771 -327 618 -620 200 -805 -839 -113 705 -393 -822 2 -95 -441 153 -535 774 -137 563 -894
171 829 61 678 -458 59 -793 -438 555 -977 508 622 -252 -901 -287 65 65 -865 -349 -485 -356 -266 -103 331 910 727 881 669 -213 381 127 -472 88 -286 274 -732 290 -734 590 189 -80 -167 -814 -864 -112 -632 -3 -627 -661 -653 125 -793 -916 -317 790 -774
301 379 947 615 -91 -920 -113 169 335 434 -126 271 -2 -113 483 -565 -34 -126 -427 -135 935 -835 436 -90 425 -392 957 -296 -750 202 -314 -914 899 -746 40 -953 303 506 -440 -743 -405 962 177 -293 666 504 875 -147 958 -641 -767 -632 218 -724 -611 982
692 -414 -201 260 -944 -84 656 925 83 -557 -706 547 -246 26 -332 592 861 -131 845 833 -351 -351 -20 238 -270 923 319 -558 -2 12 705 524 -997 30 733 -128 -82 181 140 -855 -691 -670 -206 -130 61 533 -821 -655 -929 8 282 794 -657 -942 -406 -861
884 -981 235 -18 -113 873 76 220 -693 -430 796 139 685 -835 -929 -373 -655 372 -366 111 -475 331 -696 -282 95 802 -491 142 -379 229 -792 -721 571 380 513 901 795 -270 -682 472 -25 -824 927 819 -118 -745 -836 -752 424 157 992 684 891 -654 157 -549
-133 766 -188 581 454 998 646 575 -978 706 -516 418 657 478 262 -832 757 -5 -321 194 987 888 33 64 -201 932 297 -794 -679 -642 889 787 -452 -167 -327 13 -136 775 -309 70 -385 122 955 -435 -255 336 -119 307 532 650 -366 -821 -51 49 565 676
469 544 -336 -806 457 -329 -829 -347 700 85 66 178 260 472 38 -414 126 -806 -821 -172 188 585 -792 -648 517 -182 49 -474 -807 999 814 -284 363 779 458 -510 -677 -733 141 -518 622 -157 461 -48 904 -660 -965 161 496 37 273 -108 -450 -732 -794 -275
-142 720 -316 -920 -936 -828 592 612 239 -403 615 -378 364 -161 -336 973 400 -117 368 -514 425 -578 -123 866 540 -928 311 931 63 216 683 32 -120 -806 -477 -143 -618 -983 -49 -408 -436 868 -916 763 -263 546 265 -417 393 -221 505 -179 520 -955 330 -115
139 570 163 503 354 841 664 -173 -835 943 767 89 259 141 -770 894 642 929 196 -38 621 -629 -649 -830 -718 -703 -204 226 355 983 111 -124 101 45 861 923 366 633 963 -471 61 -747 405 -384 251 -818 -251 41 -950 851 -959 137 629 854 -628 456
-302 993 -946 34 126 -808 -305 -30 465 -614 -477 896 -439 -975 -593 827 194 -604 -182 -265 323 -486 -38 -982 -144 -702 -945 864 117 828 -176 407 -108 620 414 -102 -277 827 141 -635 -359 -355 435 543 -622 993 557 932 -413 159 762 -723 -905 -371 -696 -22
