7059
-385 -428
-720 422
324 -313
228 477
-84 856
-687 889
307 -440
138 705
-114 -680
-663 -169
902 447
767 -753
412 -744
596 188
-123 -294
-542 -762
857 244
-894 63
-604 -107
-648 -648
719 -835
-765 605
810 -399
-996 658
334 635
-355 376
494 -177
950 -64
86 549
562 485
-889 711
366 -664
-760 921
-68 141
-317 -975
-851 175
530 -778
-809 -319
-474 316
-825 958
356 599
-384 359
-910 613
-945 -602
-551 50
37 435
-976 -680
-952 895
365 525
79 835
-724 826
-361 791
-742 -142
-437 -777
-206 -798
-554 -509
-596 759
-537 -801
-383 -744
136 -202
814 -715
327 -831
-82 -2
-994 -634
-614 666
298 -363
-171 929
734 -806
861 696
-393 -577
-254 275
-390 -706
385 485
-798 -991
-435 -874
799 -207
-236 506
986 -422
-190 714
846 -53
659 -797
-864 183
-39 -568
974 879
-980 435
498 83
-857 889
538 120
274 979
-303 463
-969 -634
-432 -398
247 732
979 -796
-996 -916
-568 535
-577 266
943 -169
410 231
-840 192
735 -264
617 -421
-94 -898
659 341
-718 803
275 -231
841 757
151 -187
-193 -480
-993 639
595 897
-61 -813
191 784
7 -347
-529 586
-589 -401
-78 817
-311 -222
-577 276
-893 -287
-724 -814
533 679
-248 -959
557 -759
-24 -510
109 -710
-394 588
491 -987
-714 395
-256 -284
86 -700
-962 -530
-114 78
-81 -494
891 -199
-206 414
97 722
438 861
-405 36
247 329
464 -393
271 564
579 -830
339 10
-450 -279
513 -743
-48 350
506 744
-518 -8
-735 -276
746 853
-329 833
287 849
149 -711
308 527
439 475
397 406
103 877
540 -748
528 -451
321 -921
83 -612
-242 -200
-562 119
39 443
-372 664
-36 290
-633 920
855 -721
-737 -438
800 -949
160 368
864 -843
805 597
-651 -305
-438 -498
594 354
-350 -826
-701 -460
-470 -804
-729 -377
-845 14
-920 32
-910 -26
-33 -199
459 782
41 514
373 -805
339 847
-725 681
443 -364
28 126
-143 916
968 -650
-67 -93
403 841
592 61
-10 707
-687 -635
-612 -588
-407 -759
-611 -87
-179 -42
-861 743
575 741
574 -373
303 95
-766 635
-555 476
840 695
790 -578
489 -375
779 -576
37 -409
-108 748
-31 -806
-255 62
-499 532
663 994
-624 147
171 -238
667 -402
-692 -978
-314 643
-227 -699
-417 48
876 784
799 497
-737 45
-865 -635
218 685
32 68
-925 -762
770 -427
794 -145
152 859
-817 92
-607 234
714 828
402 -95
-90 -166
914 466
-912 468
400 -641
702 -645
690 652
-805 16
442 225
154 535
286 -390
-676 -503
972 -437
982 -523
-760 -808
127 417
97 213
-88 -116
-313 604
-514 109
495 -658
44 -886
-76 -819
38 -950
-415 -937
839 -478
572 -267
-462 913
-371 988
92 -177
297 870
844 770
901 390
-871 384
772 -256
-972 -874
183 516
580 738
-636 -678
-532 308
-854 502
-97 -139
708 -913
-999 232
547 -554
-203 106
917 944
149 646
-54 -809
-414 562
737 758
-50 834
428 757
353 592
677 78
-394 -328
-786 -88
-614 -696
273 300
-757 522
-930 758
-280 -617
357 -585
-631 -539
-401 -1000
-746 -894
-541 862
-128 37
301 247
-225 371
-435 249
-302 318
598 227
113 944
-731 -348
809 916
754 -891
-978 752
-811 42
35 78
-28 -638
692 -697
-570 122
683 -286
-742 -698
810 561
-404 624
-795 -650
132 975
856 -378
668 -45
-584 785
-827 -757
-684 -945
945 264
-681 43
538 941
-277 989
-370 -253
957 533
712 -953
-467 469
-946 -88
-997 -348
608 -416
439 -38
670 -71
602 -364
-895 -949
-932 -827
-959 43
737 -369
-138 -427
-59 278
877 -425
-827 665
673 316
822 -121
772 445
-856 -950
817 -194
559 -968
-470 508
-969 987
592 898
399 77
201 671
-862 385
964 -989
675 -356
472 -792
12 -119
-787 -317
56 -947
501 -976
404 -760
867 154
716 348
308 -930
797 277
-530 -75
-490 -288
-239 148
-857 454
70 691
-760 465
-867 -498
720 688
-487 185
-79 716
-54 23
-910 846
-919 659
772 650
867 655
549 337
-55 -831
-628 843
-677 188
69 276
-557 145
272 628
238 928
160 -499
-589 -512
-413 -917
-732 893
-292 981
187 703
518 487
837 220
-66 882
503 -357
-103 8
-997 881
-388 242
-760 -263
509 -596
748 -420
574 764
-699 222
193 459
695 728
172 498
85 -636
-880 771
609 788
-521 -479
-633 63
-931 589
31 -978
290 547
-781 -616
-783 -26
-62 930
57 -441
-536 855
-880 -109
962 -490
-418 639
596 -321
-365 -498
-287 6
-126 374
-867 861
845 -581
-583 815
-556 952
478 19
-42 704
336 -334
-694 -66
352 99
966 -181
988 -868
-949 546
-705 -31
-554 160
192 519
47 -903
-11 467
-474 -996
-777 49
-54 -917
-539 -758
358 608
-966 -725
891 832
-852 906
-542 -206
72 -941
124 -298
-584 -474
313 481
143 1000
-431 969
-359 -555
447 -534
795 -146
-902 -482
956 336
106 262
521 -978
73 -515
416 -98
-306 -138
-330 520
-242 -835
984 -820
276 -190
-29 -633
-450 -744
-848 989
971 408
-690 -909
-721 532
-536 -758
214 926
-952 -568
-814 -324
-510 -909
-1 -531
884 -719
1000 470
727 943
-193 -777
-59 -484
649 706
799 151
-584 715
-897 -347
-193 -856
-124 -93
-129 -148
124 -746
902 294
667 506
-547 162
704 413
301 509
24 782
236 447
-497 -358
-805 801
817 807
105 740
-955 884
-613 -990
817 774
30 726
-914 -309
868 -656
777 608
691 768
373 -142
-298 -898
-527 -690
-466 -383
-31 354
268 604
-418 -791
-329 -849
-532 293
193 -72
239 40
-546 881
-413 -972
370 342
-558 -220
717 137
-759 -575
-815 679
-102 -176
833 -13
681 274
28 -148
-572 -724
-823 63
942 -721
-193 -9
400 193
806 707
56 46
91 464
114 -882
155 -68
-489 -811
-214 -341
-860 813
-830 255
607 -238
-736 -554
-918 -920
993 -496
-733 -938
-779 405
-740 -471
-26 -117
138 153
-477 -656
594 784
590 994
-46 590
-620 858
-720 844
804 -909
-605 -771
868 56
-275 -43
978 -39
-330 675
480 754
-898 -346
-326 697
549 -215
834 -786
818 653
895 -961
950 824
413 541
-97 953
-631 -860
301 78
587 -94
150 -741
-597 -351
257 526
297 349
-120 272
-615 528
525 386
-666 -282
-909 817
397 149
180 -699
997 329
-381 462
-285 731
470 236
-463 784
-862 667
966 314
140 -507
-201 21
-892 998
230 -979
-954 352
987 851
674 455
412 -24
221 309
610 29
106 -260
984 106
859 373
-525 -195
-839 462
623 24
-38 -354
166 989
-580 379
993 32
880 -102
355 -800
970 -179
-820 820
236 420
-781 615
756 191
135 776
541 -621
-125 -189
-704 507
-386 -713
169 192
432 487
915 -413
636 361
604 -406
754 782
-250 177
313 -640
-116 -243
-304 679
406 -438
733 -563
-505 -320
-762 -991
753 -421
-3 -726
-306 -35
882 -553
177 701
487 130
-248 534
180 -389
-550 168
-315 -396
867 636
-89 313
204 280
-840 -681
-467 788
-796 -410
-570 0
698 -834
409 472
685 387
957 966
924 -439
-13 -720
-223 -827
888 -912
-929 653
275 -388
-439 -683
-935 58
-660 -320
295 872
393 -930
293 701
-487 400
960 915
-951 -483
-122 385
10 -910
284 497
-874 -725
322 -921
129 968
840 -714
473 392
615 -661
449 865
400 854
696 964
-964 -209
-436 284
-774 -523
-884 925
876 -655
-884 -793
962 -431
-417 -699
55 -760
-365 217
250 109
-163 -757
-543 -791
-868 -677
773 533
-929 -164
450 428
707 -203
-944 433
-895 -189
-277 -183
509 944
-643 208
-733 563
404 -937
760 645
-481 943
970 -336
-988 -375
-5 391
-83 589
711 700
-487 137
271 540
-361 273
-494 -758
478 716
-761 -672
-443 -812
902 -521
891 -434
447 902
-61 343
-391 399
-368 -501
-838 -441
-924 -410
-831 -379
152 -678
195 -41
912 -430
761 689
-131 -871
-836 756
350 -234
604 -36
-528 -848
-729 941
-23 378
-423 -275
994 533
517 -860
417 -468
-182 861
-557 -78
-133 455
529 546
-352 370
-391 -232
-984 -267
208 -32
-673 505
-259 30
811 -949
-71 -91
101 -9
260 195
-95 -90
20 -351
656 -279
535 638
-375 179
-878 -791
651 337
198 -322
-975 -813
-22 34
290 943
410 -283
825 -729
115 -95
-634 -710
702 851
-733 193
-762 -956
2 292
-487 -393
-481 281
-396 -685
-728 -559
240 16
284 344
-345 826
356 320
135 -676
273 -829
727 9
-135 -165
377 646
641 -506
-122 -976
128 442
988 -910
-441 730
-231 171
487 405
151 -265
-889 656
569 -840
-82 -636
-799 -89
-484 -374
-334 -586
331 627
569 -916
235 799
192 437
-986 -553
742 687
495 -306
-811 -919
2 -327
-696 747
-946 925
149 -502
287 -64
755 -39
-145 -938
-829 867
-386 -59
-194 72
-839 498
941 61
-370 -556
745 446
-312 -522
600 752
-65 -794
-375 398
409 -293
-422 -203
-459 856
-146 89
-67 723
109 661
-254 606
-880 806
844 933
-317 -864
-823 22
-196 255
219 -351
-633 290
50 545
-242 -130
-389 -441
-107 380
-51 560
-200 260
-599 783
-886 880
-936 -166
613 -888
861 185
-425 72
-875 193
582 70
660 764
-652 791
480 -776
55 711
-527 -701
-968 -104
-764 -939
686 652
-737 -290
717 77
-677 177
-569 -898
706 70
-467 899
-101 -463
347 825
-974 -171
-778 -48
55 -730
-116 769
-234 35
764 -624
-780 584
-263 -238
63 435
998 -382
537 -250
-47 169
-408 890
765 655
-2 710
441 707
628 -536
-135 21
616 -143
972 -409
-812 -838
-952 923
-656 88
-828 -267
747 -126
690 323
315 834
258 301
-245 -892
-755 -572
919 288
600 -175
-664 -136
298 -772
-472 560
-709 -457
-294 -764
396 -507
344 -379
365 248
744 646
931 -566
150 287
471 -572
53 855
801 -186
301 22
428 262
53 -10
712 -144
957 -130
-895 -638
-50 -755
-894 751
-604 -520
-581 423
192 -200
339 286
-505 413
-659 197
971 946
379 498
316 39
-679 -497
-183 729
639 -833
182 290
595 -560
-423 -995
394 849
-540 -772
-374 330
23 -693
-306 506
-621 684
-109 -716
-916 210
518 -939
-303 661
471 615
521 514
216 287
2 -260
818 -635
-8 352
-842 -130
449 354
-248 -997
657 -762
584 681
359 490
209 -864
-472 48
267 140
-779 -412
878 -616
-565 -405
-893 -943
-541 -679
917 -551
472 131
-414 505
757 -161
681 -492
28 -128
-327 -166
934 830
-714 -630
-368 -773
376 658
-828 677
590 127
222 595
483 -272
-928 906
-811 763
414 -765
-225 -230
-361 -846
-945 85
91 -32
977 266
-481 -229
70 -682
-677 326
-653 -699
632 409
896 528
-548 670
897 -47
-45 377
317 -413
524 410
-216 768
506 -223
-930 -38
-800 331
437 860
457 -195
-825 -749
130 75
448 445
-907 444
-531 686
-507 882
-525 -204
-336 -904
-188 -987
-522 238
-28 -319
-571 796
796 752
-377 456
-981 -291
-494 -641
-414 -532
345 -908
-98 -296
441 -3
706 -106
62 788
-272 -606
831 169
-200 -441
301 226
-210 -243
-807 623
-421 919
679 511
32 -656
416 -452
-621 -132
-701 -857
805 902
115 170
261 843
235 382
201 860
-493 416
887 571
-730 148
-448 -292
980 283
742 283
-263 -260
-937 238
156 432
-653 438
-193 -83
528 -724
-837 167
741 -703
343 961
611 -406
-120 550
497 128
-191 -330
181 65
-342 387
-786 271
922 -901
-678 -273
885 -255
257 879
428 563
-349 -536
-557 736
291 893
-140 282
538 984
-609 253
127 -613
-382 -945
49 -504
692 -204
-797 -817
-912 -186
940 -221
928 365
-471 134
-739 -374
-123 937
678 -767
-81 745
637 489
450 -668
-212 1
548 -64
-531 -466
532 -753
-467 557
892 598
449 815
983 316
559 -635
-437 960
812 -58
-1000 762
121 621
766 103
-585 671
542 -422
558 -698
831 -783
936 -921
-720 528
-972 -251
-399 -942
239 548
-35 628
-554 -478
369 -658
399 -13
872 -80
-623 -264
-944 -538
-947 45
245 503
-942 -458
-883 -520
-947 -428
-932 -374
-773 -742
-830 577
191 -685
-24 37
-545 106
-126 -21
769 -765
-35 92
294 -856
160 -875
-552 -567
-555 782
451 -572
801 953
693 866
704 588
-925 243
125 -226
-787 -8
-465 129
-609 -224
-19 -112
-788 -268
-202 937
-617 306
491 368
-991 71
865 379
595 875
276 -142
731 948
-347 -285
906 357
705 -425
262 -490
968 -232
600 -330
-142 -533
436 418
-900 502
361 252
150 -283
-652 -883
-348 -804
34 478
653 252
-954 740
-324 210
712 -748
240 -68
-959 824
621 513
-353 874
16 774
-454 -62
-257 169
674 130
468 684
-349 -115
-413 34
-452 675
-60 217
-555 254
805 479
901 -417
-756 -764
651 701
524 -632
397 667
-16 -101
35 -43
-483 -718
224 -954
72 -348
329 -995
321 574
-761 -864
275 -392
-234 -138
-304 -370
603 -590
-773 607
-7 181
-688 -515
318 -630
600 512
471 -152
884 -62
-154 967
-395 -842
962 -389
318 -614
429 692
172 -959
-523 621
-665 567
733 -651
8 -836
75 -391
16 -829
-829 -356
644 -1000
638 263
-813 -693
-711 219
-564 174
-91 442
-209 -23
-506 22
3 -81
398 -617
777 -759
375 718
510 -990
-59 628
-141 72
383 -496
-44 48
-7 -2
-764 281
732 140
-631 780
545 -688
-705 5
-570 465
232 -97
511 -901
-451 8
-536 -536
352 -777
-273 383
-768 700
173 198
7 -339
-798 948
-947 323
-672 700
-742 541
-979 -108
432 929
-707 690
143 -694
186 -361
-945 -965
216 -619
-870 812
-383 -690
-432 -966
-777 347
379 181
-847 -436
805 587
967 -512
-662 599
-117 447
-966 752
352 -207
-93 -529
-699 -842
-987 93
-632 920
524 865
760 128
-108 890
-713 -566
554 101
-429 -285
441 268
72 -767
-896 467
-836 994
-263 744
49 -714
-265 190
-386 -415
-662 -464
312 -533
-569 461
-695 289
716 274
-6 964
711 -691
933 -132
408 422
84 -337
-918 820
466 -850
115 226
-192 834
742 -274
606 -431
295 784
621 -321
644 337
766 -658
-601 -714
31 -885
-715 -445
981 -412
903 792
594 -497
-630 -38
492 207
-414 -395
-164 898
292 842
-607 -838
-275 903
-189 -998
415 -893
-732 -706
-421 678
615 207
339 -641
36 520
763 -45
-586 -332
-785 491
996 -785
-142 -769
-230 -96
-58 592
-854 440
840 -130
-585 -50
221 -330
833 332
-748 114
-143 -887
-596 490
-108 -743
887 834
-187 195
246 -438
58 -188
-906 -403
-460 821
369 -850
-269 616
742 468
538 9
656 290
968 602
971 589
-476 -753
674 603
115 -168
-413 -662
740 713
865 -144
-36 -915
-647 433
408 -211
-6 -975
70 -849
-967 -967
126 685
743 674
-137 -810
663 -358
914 559
-710 -548
-208 -980
755 -242
-779 254
173 -44
-78 -122
4 -452
909 616
-534 307
-413 -124
-495 -441
-982 85
-233 542
-329 -126
306 415
245 -643
463 971
266 726
-51 957
-867 493
753 615
-4 -970
923 -511
-763 -324
-995 161
844 -376
276 100
-991 434
-833 258
46 -674
-355 766
-654 644
-217 147
-937 -604
-622 -805
427 86
-621 821
-631 -994
-101 490
496 420
652 -705
-105 -700
386 -340
556 -929
975 923
-182 -984
-161 -511
-293 -474
-717 -642
-298 -43
32 -855
918 471
-914 -792
-986 902
703 -721
-335 -142
339 15
787 -322
-777 -41
565 542
861 376
-35 -428
367 975
72 359
251 756
-353 450
23 -848
-552 -425
474 -951
812 256
-375 -667
-48 661
-991 -430
-819 -311
-486 451
45 870
-393 -996
521 810
17 -607
-670 -367
-774 600
-346 972
779 664
107 777
-885 -290
-678 598
751 -833
-398 -552
378 398
-614 -908
947 -343
-906 -62
879 -881
-890 -458
-486 -98
669 -706
700 314
598 -945
339 448
-952 24
995 244
-347 -749
724 634
-106 386
948 -543
-112 -447
-567 280
826 -702
-614 243
359 803
-83 728
-883 268
193 151
586 -291
626 952
895 596
151 -413
510 -919
-359 429
-685 -285
-717 -780
-556 -951
-275 -898
499 -752
-768 686
-159 -384
66 -37
-41 781
374 893
16 -547
185 -900
688 348
306 -527
-384 -888
-962 -446
614 -641
-249 450
-901 853
335 -449
-616 860
391 -610
196 -458
630 -856
892 200
910 -13
-647 695
199 -523
334 321
668 -444
-291 -340
-542 169
626 -481
-101 871
946 316
-439 -380
30 462
-986 416
359 745
849 -803
554 198
-922 -369
-367 -535
609 88
-623 -588
-605 -774
-132 -508
632 467
977 -559
385 -207
725 386
725 -758
-655 568
-731 938
755 -203
-672 -845
-218 851
987 -397
-206 -598
-417 -250
714 716
428 -668
-38 -53
-487 -438
-8 -724
-227 -561
-222 -682
-495 333
-649 -885
843 622
-756 -549
-793 -143
-981 245
379 332
-453 788
984 -568
-758 -423
-981 584
-521 -800
437 -785
21 629
315 703
-290 -647
-783 840
-944 290
-92 93
253 -246
-566 896
-795 443
-612 116
-342 -121
224 -572
279 122
-139 201
-200 -686
680 -409
-496 -31
441 150
-177 -253
-322 -68
-418 -23
-34 992
-313 759
526 734
168 -704
658 46
345 -954
351 481
645 -478
-697 -435
379 -971
-865 346
-906 188
147 -897
-204 566
243 977
-44 -348
231 -466
511 -662
-301 745
820 217
-147 652
958 127
497 671
-155 -355
35 832
-470 -143
306 117
807 -57
-375 -691
-699 -90
-979 -727
-482 -746
-229 -697
-883 762
274 709
623 -459
820 206
217 -766
34 -277
495 -875
697 -990
311 422
-950 -942
190 -342
-626 680
474 79
181 318
-662 65
-40 9
-315 563
560 -343
-644 795
-756 305
693 -442
986 732
443 542
666 173
-319 15
997 -79
165 939
-365 855
-992 770
-651 -738
-425 -817
-63 706
-966 456
-601 -687
-897 325
-942 -469
17 -731
-866 -5
342 -795
-290 -928
82 602
-894 -234
-430 -855
55 -30
-591 283
763 475
363 137
268 -850
272 -551
785 -100
-53 -916
703 151
462 -815
963 -662
71 -229
-594 -661
578 -955
-971 101
791 206
789 755
-264 218
-299 -211
483 -889
-604 -760
-954 420
232 -346
260 -133
122 -638
638 440
556 334
-25 807
681 -128
-695 908
350 -849
-164 -399
784 -480
-484 -849
-456 -288
-321 -947
-680 -987
387 -706
-1000 -123
-744 827
515 314
-488 -96
-320 -977
920 -35
712 -512
739 145
213 -955
136 -854
-34 -921
-759 639
602 827
-332 -987
667 -550
-558 -20
-448 -229
916 -741
-179 778
418 889
-84 -970
352 -341
-91 -247
-814 -892
-668 -99
85 407
210 -47
-60 155
-871 608
908 -655
327 990
181 -611
557 541
186 192
-599 -897
151 805
-49 741
-526 -449
343 -992
-757 65
671 -967
-237 -436
-372 896
822 -84
180 -150
984 664
909 331
126 -322
-402 98
921 224
386 -657
480 -558
111 -960
185 -644
-212 -35
-951 -701
-731 -109
-559 947
-991 -828
337 -263
-658 108
498 -287
-730 769
-486 506
663 430
-875 -797
-352 805
631 -977
986 -774
-48 -534
-743 392
-682 -993
-230 -893
-7 954
-68 -346
-526 300
-103 844
644 979
922 -453
505 -788
-453 645
559 -336
-698 -804
626 550
317 -462
533 -854
830 198
503 407
-936 -23
442 288
-703 -331
-874 -447
-910 -879
-940 349
344 735
319 341
902 946
-88 -229
287 432
247 -369
919 -861
-874 -318
-596 80
-415 2
-709 -31
-317 476
341 765
-126 530
-888 772
71 879
-366 62
-197 -466
-760 -730
851 891
584 18
-170 -113
235 -167
862 -395
623 631
21 524
-867 27
-410 -17
916 18
260 -231
-519 812
-367 616
913 -295
215 33
-412 -752
57 -950
463 918
-195 82
397 464
968 -161
185 -540
609 -402
-106 666
788 -515
-408 898
-700 -384
500 932
-289 -626
-339 325
-778 227
668 -475
609 -878
605 744
439 211
705 -303
555 -805
898 988
-841 958
270 -5
-935 497
510 252
35 225
-114 -62
-758 -604
-171 -925
174 693
-552 76
-227 -978
-315 727
668 -934
755 -460
-655 825
-527 -690
-539 972
-740 -335
158 274
566 714
505 887
83 -915
-200 -972
-25 -880
994 49
946 934
-944 502
955 207
210 216
60 887
915 -495
-317 -727
44 482
184 -203
-55 992
127 -519
-186 750
-783 573
-123 -763
-349 -416
141 53
-53 271
-809 360
-701 216
-701 119
-589 -357
-546 -223
-397 -338
-496 313
-959 -48
901 -75
-107 197
541 -333
851 -550
-525 -303
380 -893
-270 -349
-333 53
69 127
-504 -537
754 -897
157 -83
642 418
468 -355
-106 555
873 335
521 -801
-587 244
412 569
658 304
471 -793
-564 -864
-280 -886
-302 -684
-708 -191
567 -972
616 655
-191 783
17 274
-888 835
869 -922
-78 -229
-51 -451
-873 136
-527 -445
-476 -193
-299 -950
-961 -824
-907 -413
-107 -817
-171 487
157 -180
420 -17
624 -200
-217 660
-405 953
757 -433
-46 301
526 306
755 -72
340 555
-715 -828
-907 -867
258 193
544 138
-232 -512
-652 -397
-603 920
74 -171
724 -658
38 -242
-591 -792
-860 733
50 -188
289 795
-248 -312
350 -801
916 59
-864 196
-785 -604
837 350
-146 544
-159 629
653 -808
-984 -715
897 -83
-119 -972
-602 -944
-900 -69
686 -641
-408 305
365 614
-535 618
-190 -648
698 366
842 282
104 613
86 -898
-7 474
-521 247
-359 638
560 -50
531 884
-664 -89
131 780
-136 195
464 -170
-987 -489
-15 -6
538 116
-576 -135
153 462
-650 759
-898 -957
393 -915
-878 943
-977 -203
-752 732
318 -863
-427 257
-120 -865
156 -98
-612 842
-595 467
-521 -463
792 -568
-750 -592
-896 -955
301 -832
-947 -254
-728 -856
726 -685
-40 -973
998 -603
584 -396
955 159
-965 -466
793 251
45 -628
123 862
-973 832
500 -849
-360 559
-775 848
843 342
777 -478
-406 98
-564 -353
424 113
-643 -868
266 -774
-546 576
-475 -466
-513 -975
-223 -855
-3 56
-210 -205
-498 899
-51 784
446 -424
-547 -772
783 -211
-163 -627
-119 -150
-76 -720
233 -788
-60 56
-263 -457
901 -745
900 87
-85 756
293 -864
265 -174
-375 -723
-711 -636
707 -585
695 732
-473 -335
-442 -602
962 -235
-577 -709
-614 195
415 -950
594 1000
-166 -412
661 414
400 -444
314 -962
605 682
601 594
294 -360
-510 324
18 -172
-499 328
-929 -915
-922 -915
333 -301
-826 -46
470 -335
377 -55
834 -747
919 -334
557 -38
-218 -777
207 820
-268 -685
-16 870
-777 -877
-170 679
562 257
264 -222
847 935
-103 725
-921 -82
23 862
-851 -658
280 -731
338 993
-69 781
548 121
659 370
-416 916
500 -59
-615 757
-267 56
-160 23
-167 480
919 442
-506 -690
769 -1000
-420 96
18 -111
818 434
-589 468
854 202
290 528
-107 -457
-729 -340
-805 -15
293 974
-188 -243
598 692
-287 -434
656 -241
965 793
-21 29
-900 -432
-470 -344
-614 -634
-40 -810
855 536
-885 581
428 348
-866 -996
75 -946
-351 308
828 -35
-538 -490
-640 -22
615 -219
-594 431
896 -283
163 -240
-343 513
-178 713
170 996
-116 87
475 169
737 -118
-492 402
691 -163
16 164
-228 -721
346 -730
-247 -25
813 496
131 455
646 955
-889 842
-417 -94
-172 -383
-827 -370
990 0
974 -78
-288 -424
101 588
346 -990
-886 362
-955 -474
342 -36
38 -147
-233 269
645 -242
-498 -440
-735 -286
-825 -189
504 158
152 870
198 11
-639 -646
481 906
-485 428
517 -651
567 -734
346 -448
604 814
-776 -854
-866 458
704 -449
504 813
-856 89
706 737
-196 594
-447 893
0 -614
212 -164
-244 -876
-296 873
173 355
861 406
554 -318
799 -172
-342 -63
-310 -125
-611 -521
264 -837
-689 444
651 772
187 612
-108 -232
-46 -782
291 659
-822 976
-737 596
352 -229
485 -8
-999 -130
-435 950
54 -289
-849 -607
-96 964
-385 189
748 -310
647 557
-569 260
341 571
-823 492
-186 -562
-69 548
-963 614
-721 815
243 -304
-353 609
93 91
-890 479
106 -568
-745 -846
-130 894
-166 256
-889 816
194 636
798 155
-265 -584
126 -783
283 848
413 -67
-109 -866
-348 666
-70 347
478 736
785 513
-837 138
-234 -881
787 -64
661 -755
966 125
672 -844
-498 388
378 -530
188 -430
384 -812
337 373
-917 756
41 207
730 495
335 761
945 -542
-946 -228
886 992
-364 -964
494 592
-857 698
277 -458
131 -228
347 560
155 -261
509 -118
-783 -625
-972 641
552 -924
46 -292
-795 -94
297 -165
970 -267
818 -805
-748 -556
651 -269
-975 972
-84 -553
440 507
333 557
-209 -778
249 220
163 -407
215 -265
171 834
51 -6
779 -932
-861 942
259 -418
-563 -763
-229 789
-398 -177
-201 -511
-669 834
209 111
-657 -733
857 -773
-476 163
-856 249
-882 -775
-864 -137
-249 481
670 -570
226 -794
905 313
-131 -562
-322 -846
763 664
-328 -220
-585 -18
976 -80
219 -192
-532 -861
948 -561
-509 744
928 -294
310 -505
774 -411
-972 -289
-194 -869
808 903
-363 563
-41 201
692 44
573 597
-229 570
111 -613
723 237
-631 557
560 720
884 -8
887 -962
-590 -517
-41 151
-20 -570
309 -877
333 -316
-808 318
407 -208
-983 719
-780 -70
-383 -949
-828 712
-892 158
-558 215
362 -501
-86 429
81 -294
724 969
-315 518
-783 -46
280 520
-427 -508
-442 13
-987 -992
-186 -51
125 -391
567 702
-1 -660
-335 -46
315 495
577 711
-94 -581
567 -919
844 -87
-165 132
-940 -668
246 832
413 305
-610 -970
816 401
-255 421
-95 230
151 755
558 -659
-36 -343
-870 -176
379 110
-963 684
377 789
514 -997
-758 388
457 426
-5 288
-462 -481
-198 -255
-834 690
-450 138
-786 -570
-738 -211
229 477
391 -814
433 824
-500 -691
-45 -327
-59 131
404 -82
-969 11
-434 -185
-973 -29
648 898
390 -355
534 -354
-429 548
406 506
-649 726
117 915
280 186
-7 -200
538 809
983 -461
343 397
616 -667
-595 -102
842 -483
226 -678
458 669
647 -636
116 89
-984 -752
-424 -925
-641 7
-818 408
-38 -857
-848 259
-228 981
467 -877
53 -824
-456 153
175 -13
646 -433
-438 158
-946 327
-875 -965
-512 98
-990 -944
-646 -405
75 -649
-104 0
939 -109
-527 472
713 -202
961 702
-218 136
-773 940
-307 -871
541 -334
-450 -708
12 -421
-509 317
-90 -968
637 27
787 752
-528 -476
41 445
97 -861
383 976
450 -864
402 304
955 -753
507 -784
503 79
997 -304
-634 -767
-151 -900
664 -41
101 215
451 -183
839 515
866 -610
-490 419
-254 891
-891 454
-894 -113
634 -978
228 536
-869 -544
960 124
919 -792
37 -897
-364 41
852 733
-301 -518
46 -38
297 -648
447 945
944 271
-35 -211
-482 813
175 -113
26 656
0 638
930 147
-567 213
739 -816
134 -434
635 -870
-673 -562
876 -391
-648 303
699 52
-870 144
-257 327
129 26
-800 -891
-835 -894
426 -717
904 519
-661 -228
-774 427
991 456
132 436
-871 -112
850 -260
-319 94
768 508
427 -270
-707 -326
399 466
472 502
759 676
679 -577
-839 425
745 438
-981 518
296 -942
243 -500
863 -374
-324 -753
-756 955
829 -363
552 -982
966 -940
-676 227
-856 -17
2 978
180 -595
-753 875
-730 -332
428 85
797 -679
971 220
333 766
110 992
-13 -29
-68 -246
-114 -973
-158 197
-646 723
-575 -413
-388 -105
-191 854
994 119
-38 -635
-295 -181
111 372
814 -181
-102 336
-792 -314
-64 -951
591 -493
618 -782
501 21
-673 49
891 -296
529 984
-593 -244
-824 -725
951 -86
56 644
947 417
-511 -759
-484 -244
508 -819
-363 818
-312 -572
900 82
-851 -399
477 -243
-899 717
-133 -291
-572 -294
967 821
272 -613
-844 631
-546 541
-486 124
207 -711
356 844
-612 -186
270 -381
951 -717
423 290
-273 -173
764 283
502 -944
7 842
988 204
-44 949
-158 -208
207 -918
115 -164
-671 -639
-233 -381
431 599
723 -175
997 65
-435 -102
-730 -468
-608 107
-562 -131
464 -206
-958 775
595 223
931 224
966 -115
886 -290
-598 -216
-461 519
-830 370
-179 -335
-365 -473
-894 -148
479 -464
53 -594
-759 -535
-58 744
488 -297
360 -97
-472 -593
498 -364
547 109
247 482
471 878
695 -518
-976 806
-435 18
-563 -850
-727 250
976 752
697 -318
388 694
264 207
-279 -656
-534 -20
-573 -623
449 -630
403 -294
-64 -499
655 -326
695 -581
-992 93
490 -632
702 -666
899 800
-151 157
203 -31
64 -134
4 -581
-3 -199
-305 -979
629 553
-861 -968
163 621
-941 -159
-959 732
-410 29
712 923
904 -348
-19 -48
-767 -292
-472 202
-755 -1
-31 234
916 889
255 -493
-46 -329
883 872
571 549
725 -158
-478 -402
409 175
-326 -652
929 101
-745 -145
709 242
-859 -824
-381 -75
-744 -223
964 309
140 965
-654 182
454 -321
732 494
-577 -493
153 193
-281 240
-857 -997
991 -443
515 279
176 -666
735 -344
319 -810
-499 307
528 -925
-510 287
-278 591
-585 143
171 -986
-604 -726
-265 -522
-435 -287
750 -49
402 423
697 73
421 65
736 -950
170 -779
-530 -982
131 503
-27 -330
-750 286
-894 215
932 403
915 296
889 355
102 -163
77 622
949 -540
966 -322
-833 -79
-799 -451
-664 283
656 546
374 851
798 -351
-442 820
-328 234
-552 364
-683 -601
-360 -549
322 745
857 -797
-472 931
-968 780
-99 -410
838 -444
878 824
220 -958
-493 55
182 -951
889 267
-840 -658
396 974
-512 892
152 763
121 -805
-938 -353
817 -84
420 604
-613 828
-985 -968
304 -592
-257 -341
-951 600
-206 -326
-414 198
776 159
-451 -650
-491 789
-822 160
-871 -831
-755 637
-278 279
138 236
659 172
807 -221
-80 730
-158 546
-744 -37
415 940
-985 437
-745 981
-225 836
-169 -76
-806 135
-999 -313
756 -749
493 898
-382 182
-890 958
416 302
-877 -214
-314 -326
714 848
852 585
222 -624
604 899
765 895
7 108
-422 246
727 -439
-68 87
634 397
100 -237
-178 -628
642 80
-380 -843
-29 763
-135 794
-573 755
-404 -682
-944 320
-827 -402
-690 815
524 248
1000 -889
-568 -587
452 -558
-529 -356
118 554
187 984
-136 744
87 291
-779 836
426 -70
940 528
474 -355
311 192
-617 473
-719 756
971 -880
-658 929
648 397
-497 203
613 -194
811 -793
-837 -894
-231 870
-326 -7
710 -326
-780 290
175 791
-629 353
746 389
463 865
487 43
-685 -123
-436 -577
854 -153
-902 -603
-223 920
439 572
-421 -393
485 392
240 803
-725 37
-392 -306
-38 970
901 295
-470 215
-364 196
702 -313
855 -511
405 -270
-670 -164
117 681
220 -52
704 -524
278 -764
644 -736
-1 835
951 -824
-59 91
843 -153
726 0
-535 222
797 -784
286 327
-449 483
105 -348
437 239
-675 -776
-199 871
836 965
502 647
899 388
211 256
-150 -628
2 532
296 639
-946 562
489 -939
-90 -81
563 743
-745 -125
910 -818
-274 515
86 228
260 -681
-549 672
989 613
-658 -332
610 -867
778 683
621 488
-388 156
576 -900
677 -653
688 -689
-980 -822
822 9
-758 393
-977 290
207 -223
-302 600
-767 34
-454 257
-288 -147
207 639
803 307
698 -376
994 -431
852 -868
-324 789
374 -925
-977 -391
621 -521
501 336
-864 367
766 -797
428 -435
468 160
-260 -992
-673 -901
-435 -399
-98 106
520 412
447 -540
-83 -588
-873 79
-419 227
-379 -314
925 -720
-337 -9
-110 161
517 -509
16 960
117 -54
-658 -945
492 -298
-859 458
95 113
-489 163
-477 -942
811 -249
142 -617
-204 -63
-549 362
523 793
-994 72
-889 -968
203 653
-792 -149
-359 -968
951 988
79 -861
560 -760
-796 -72
-585 369
-470 618
-295 -650
-402 -71
-814 -178
585 -626
-496 905
50 81
757 -287
206 647
337 -816
17 -386
159 -587
833 -360
-627 156
-509 -369
473 -406
865 -457
667 900
-786 -428
431 -977
-878 -148
-292 871
-819 637
-191 407
761 -773
-939 806
262 -479
661 -404
987 -751
-655 297
-485 -79
-141 -517
-9 364
-222 -910
569 -291
-292 529
481 800
-866 -370
-736 106
-201 973
-367 -994
795 -615
802 -832
533 -217
-99 -750
-665 311
-758 -958
623 -906
-681 -1
381 868
-460 711
-85 137
-55 -964
450 -557
-528 -856
899 127
-63 -96
1 -522
-669 37
-109 790
618 -382
724 -404
-281 -115
-868 693
97 -726
390 -721
633 -205
-955 797
-615 782
45 281
596 549
30 -14
672 689
-565 -481
-478 11
370 -26
-896 181
934 418
-943 817
-239 -200
-571 462
421 -871
-803 -205
397 100
121 -254
-704 61
-819 -543
-979 -12
-317 959
-214 -369
999 -742
-827 56
-820 749
-652 680
813 693
-200 357
202 4
549 571
-620 -467
-331 -14
817 -813
785 -29
15 856
-183 286
671 -207
521 -813
-685 907
352 -26
630 -148
590 -375
-124 -801
-666 5
679 -845
310 -366
550 -798
359 650
649 -446
-387 -125
-290 593
-707 -815
-385 -200
254 236
205 251
-334 -676
-732 231
986 446
-318 798
-448 51
-185 -357
-289 179
-601 -572
467 98
177 986
-131 -493
670 328
423 969
455 782
-422 960
-498 -679
-938 -972
377 379
130 24
806 -543
-419 841
-178 -476
-254 31
321 -937
911 -307
164 -98
747 -207
476 -603
-570 -321
-275 -524
666 -628
868 -132
921 755
519 -792
29 372
219 -42
-731 -49
282 -142
-533 -668
885 820
-929 -855
82 677
-467 891
148 -934
102 -301
-723 719
353 -501
-890 -302
353 -563
-91 924
37 -420
507 -548
144 228
-304 96
-308 664
933 972
341 -586
-644 -914
-258 76
-369 356
-10 -758
-5 566
238 291
-532 355
709 236
982 -239
318 477
-464 -566
-36 -105
111 941
689 231
-726 607
686 846
212 703
562 -765
705 507
-167 -137
915 876
-455 847
-395 557
-85 -327
133 592
-141 -311
-388 705
258 136
196 -876
813 -916
-870 -6
634 -913
713 741
-716 -299
248 -364
227 633
-302 -293
-339 318
869 -974
-135 264
-139 897
-116 584
198 727
456 -546
993 -383
299 -479
-677 647
-201 -130
-157 720
845 -969
190 559
-892 -136
692 217
-308 702
338 564
-264 468
805 892
-626 45
333 252
-435 133
130 -834
-909 -12
-315 87
857 -308
-394 930
-768 594
761 407
-959 -736
674 141
-198 -721
437 502
-218 241
257 -245
-853 -895
-371 247
160 -276
-67 693
885 -570
-106 -407
-418 -194
711 -416
-116 -667
556 -542
-147 -226
-841 -108
-645 -265
908 447
828 -828
-841 253
509 -668
-765 -530
-792 725
-393 -575
-562 615
769 72
68 -199
556 -52
-389 238
-185 -896
-659 -370
424 -781
349 -172
-178 710
5 494
923 -708
-441 198
-762 252
472 -470
-567 -237
-762 -955
-520 482
986 278
-903 -833
285 -768
274 -689
-68 -145
723 -688
-664 755
510 -711
694 -863
-977 -734
7 465
415 -812
739 -551
-118 -173
-68 -916
174 -794
482 997
-930 -541
436 -631
-118 -903
989 465
640 -51
-412 -628
-311 -527
-890 -75
518 784
-959 -173
648 387
615 945
244 683
-957 148
386 -233
-319 -104
-303 152
-526 -799
-64 426
-457 145
-279 873
251 -43
429 -337
-52 -966
-366 -359
-19 -428
-718 477
-919 -807
612 -446
30 -893
971 655
-984 -288
-612 50
-994 -937
597 250
-595 313
-368 -378
500 245
-146 -818
-969 590
-700 601
885 -506
-540 -160
716 -320
980 674
566 813
-747 -696
-387 663
650 -857
-558 -455
978 -837
630 248
183 -515
1 738
100 152
-252 652
-47 547
60 153
-522 -252
-583 131
-308 -686
705 807
198 571
286 739
593 399
988 975
430 261
639 406
-361 485
376 967
241 595
201 68
-958 353
119 -912
-663 593
240 25
-60 43
115 -484
977 -347
-330 993
778 669
827 218
-845 -36
-447 654
716 701
-503 242
43 -892
211 -766
-618 681
-758 -260
263 -590
95 467
880 391
413 704
-736 -880
267 -218
-866 123
-585 101
-682 207
101 -206
961 678
-214 -157
-375 -165
108 -682
840 155
-504 -676
-419 -566
-361 -111
270 442
-131 888
977 790
920 155
-909 -839
-127 -159
634 -390
-36 471
-631 -942
-763 423
468 -835
-142 -448
-211 -123
-874 955
902 -256
375 424
-497 63
-817 665
-830 -877
53 -684
-596 805
-511 -755
27 -102
285 195
-692 -336
532 -769
126 491
215 192
-519 844
476 -832
367 831
59 -602
-189 376
276 -558
-444 860
-448 885
8 689
-527 -653
-398 89
452 442
-681 -130
-553 -366
258 310
-128 -836
735 -368
888 -79
507 481
-814 462
241 191
499 710
1000 -150
-479 58
759 -932
42 642
-420 -87
-232 -51
994 833
-864 607
265 3
-633 521
371 -646
-795 -715
-113 168
-836 577
389 239
949 929
426 47
-28 -503
219 179
811 -652
-178 134
-771 -951
-424 -393
44 -217
628 258
-897 -624
-993 -721
818 -836
-689 -461
-125 285
-451 567
-863 -894
659 502
-75 -317
143 -495
-329 -426
334 195
-353 414
-541 87
-893 824
838 550
821 742
166 -926
-17 -609
52 820
-484 -716
-220 417
-198 -224
421 157
-76 -495
-548 -69
-664 -364
-563 354
817 397
456 -253
158 -822
981 253
563 -492
827 -448
138 291
-672 -858
974 990
85 -282
141 798
-181 96
-344 -755
-471 -682
-166 -193
-495 642
-943 -58
-873 -938
96 -320
-243 196
-179 345
-553 73
-641 -94
469 883
-533 929
995 -948
-415 843
161 -393
511 861
-654 -316
982 -197
993 764
44 -171
477 550
-270 -886
-171 456
639 -617
280 -158
-446 -734
294 -582
-857 303
202 -734
418 714
184 200
-286 -711
-544 -302
-441 693
-654 -19
817 67
849 -741
-399 196
-397 -631
140 -706
-445 -679
-28 -145
-702 -223
362 461
-382 372
121 103
847 -177
9 -874
-697 -659
-39 481
244 522
-985 -151
-826 433
-898 814
923 -314
-614 -494
787 478
-598 882
-407 757
718 886
54 309
-415 -731
-971 422
-760 996
20 -3
150 462
-32 -799
-54 815
-813 344
596 -666
-112 -233
171 858
310 -56
-474 -769
838 -740
-579 776
712 260
628 160
-94 732
-707 -276
-473 174
936 -335
-915 865
-477 55
-159 -720
-852 930
-59 636
-714 -87
-258 751
240 654
476 846
-663 349
-116 -404
406 352
-151 523
-530 -962
-298 380
282 803
-409 -329
326 -607
-529 -270
911 846
-494 725
373 -258
997 -707
997 150
219 -377
109 388
848 -68
85 -237
283 -145
-136 302
643 309
806 943
675 -721
-649 104
895 -405
-337 172
-140 -954
87 -945
838 299
418 332
-862 -248
-378 -89
532 -170
-834 -314
-108 110
762 -484
-860 452
-175 -941
-142 872
551 585
-336 -261
682 -715
-342 792
892 281
276 867
536 520
347 -710
-183 -578
-493 170
-868 -616
574 333
-44 761
-800 99
-712 474
282 -52
357 -664
-438 -901
-676 61
272 -510
-510 919
-598 -709
948 595
645 -486
317 -382
-918 387
-913 -770
-186 88
-702 263
-44 723
-534 -879
229 137
-814 833
-797 -20
-764 644
709 -929
-410 352
673 -155
-260 -318
810 -802
105 687
-32 -462
119 -180
-30 189
-838 -643
-368 -293
573 113
-716 756
-974 -516
810 -137
-551 -764
-287 759
818 875
-810 -334
682 -184
129 -525
-528 -997
658 -685
-464 -763
-688 -213
-596 310
855 656
-736 -76
-504 347
-82 297
-850 156
-867 -452
-384 -262
-722 -781
757 -996
-338 82
-831 -760
-442 100
1 -680
-71 487
672 -694
-874 -106
1000 477
198 -764
80 -697
-177 337
243 -374
-579 -155
149 -261
923 627
-995 684
97 -614
-638 427
925 -14
495 399
-742 568
-782 -333
-705 -451
-584 -809
444 -476
-554 318
81 845
796 -77
641 822
418 -682
-702 975
-591 213
491 -982
-372 -771
-971 754
-474 486
-250 925
151 -595
427 67
599 -144
-877 -439
488 -234
-466 294
-831 381
751 -915
-688 612
823 652
-430 -750
-528 361
872 205
-685 -31
-81 -495
-709 -58
900 -91
-635 985
309 -626
58 -973
278 -253
-315 -994
745 -309
781 -530
431 536
-918 854
451 651
-704 -415
702 374
482 -914
63 95
315 -129
713 -177
680 -692
-168 823
411 -346
-158 771
218 359
-724 -102
-27 701
-706 978
-293 419
-640 67
-566 901
678 -582
838 215
501 -87
993 -341
743 -176
895 -760
-999 768
498 256
-346 -168
-155 291
-730 287
726 -910
-876 -844
-790 -374
296 336
806 172
394 -993
796 922
101 -637
14 400
-766 431
815 -645
-542 745
-396 -976
-107 957
960 197
919 389
898 -543
-696 -69
-389 63
-1000 436
703 -394
-482 -845
540 -86
269 869
-937 -878
-303 -922
-895 -588
157 -687
-396 933
-390 -603
-239 1000
-536 -569
-572 -191
-558 -719
-954 325
851 783
-351 -216
-944 -33
404 -386
142 394
819 34
769 782
725 -650
129 988
713 677
996 -155
-815 273
1 -518
113 830
-903 431
-911 52
403 788
-195 166
895 738
354 664
-478 752
-669 354
360 942
-105 70
-118 620
986 -95
898 413
-973 156
155 735
941 -751
-994 955
992 286
-259 159
936 -368
-793 71
-276 530
133 -653
-564 490
496 -556
527 270
-701 581
532 448
-54 -566
-397 -526
632 -883
1000 -30
-156 -949
-339 687
-327 993
750 -344
444 945
721 -42
233 150
-202 98
0 -859
-781 -227
130 922
-703 -648
256 515
819 -941
678 -140
-677 939
-541 170
-812 -911
730 -195
502 439
-512 698
-62 839
978 -518
306 -241
163 254
979 -972
-793 268
-337 -856
-460 155
-723 872
-202 -745
507 261
442 258
-781 1
-535 -92
379 -774
-180 6
232 633
300 45
-489 538
886 -579
514 444
536 501
-157 -634
-447 58
-565 618
293 513
-951 583
432 1
-577 236
734 29
647 -137
-850 -234
-636 -344
307 -562
-640 -429
625 -489
891 653
-893 -226
-617 -383
661 692
633 422
296 -790
-898 699
142 936
-587 636
268 -136
696 -245
293 585
-946 -631
234 -498
34 327
-232 888
129 677
827 384
-403 -597
988 -696
-389 692
-877 -248
796 565
-555 -529
-269 477
-194 151
-431 251
833 -318
-857 468
-653 576
-296 -669
-309 -552
-613 -264
35 -289
-302 -595
355 424
-711 140
162 795
864 -557
-311 -830
480 -903
-894 691
368 676
-410 -625
957 613
-503 -724
711 699
599 -875
970 506
590 812
-870 -326
-164 -135
36 -905
-568 434
-748 979
474 492
114 627
-798 -771
238 454
326 79
474 143
-597 19
191 -603
-933 -256
91 896
-600 564
-773 -391
517 788
-759 -761
368 816
-678 663
-452 824
683 -37
-672 -798
-927 -519
-619 -75
-630 929
796 133
-678 534
331 119
-372 528
-912 -752
81 -726
539 21
-793 786
976 928
-959 -430
270 -659
-883 157
129 452
118 -637
8 485
-316 968
330 -195
-453 964
628 -12
-972 -651
-553 1000
-549 184
160 -573
461 839
-257 -642
-489 -72
911 -740
372 -651
462 735
48 -377
360 146
-836 102
-409 -72
459 553
503 -755
-409 -428
-270 438
103 0
141 -423
563 386
-199 731
-823 -60
-839 690
-279 961
-46 581
681 -163
969 -617
-433 -436
521 50
893 87
229 306
-875 -768
-626 -291
-403 -464
-700 -916
716 453
-437 229
514 -493
-426 -407
-474 -56
-915 392
821 -129
315 74
761 -901
302 36
-583 -224
-754 -299
373 110
-515 375
-885 603
-147 107
558 259
-686 629
729 -843
220 941
-497 788
211 856
-987 -244
-913 628
-559 -685
-673 969
746 -41
-460 343
-370 -629
-357 944
-939 -669
-415 901
-48 19
817 -933
120 -139
372 -197
-834 708
-53 347
-922 731
-800 216
916 939
-604 -886
-627 520
-742 161
619 266
-107 -356
379 405
535 900
31 45
439 -608
-887 118
-846 830
886 -120
-447 -407
-437 390
34 -810
227 -104
-687 -618
-747 -592
-483 326
187 900
484 -691
161 940
-933 -156
-216 -758
44 -884
678 -106
-591 344
556 -105
-21 -695
758 119
-640 -62
621 39
-857 20
-199 992
173 838
-668 446
-187 -61
551 363
366 -267
851 -344
217 518
-609 -67
794 -375
-57 -189
-418 -746
503 -907
-164 -392
38 691
694 412
-794 -287
893 -258
751 369
-712 901
-771 599
789 -646
541 745
946 -152
-221 -121
835 -282
415 -668
-341 -200
-984 805
-611 293
2 628
-578 858
216 -398
940 -892
-413 -190
349 -692
569 -818
-519 -70
-850 778
-932 576
-939 242
766 -908
176 -96
966 263
698 549
-358 549
588 -124
166 901
748 -166
-667 215
-228 41
58 833
299 -487
31 756
-651 962
-712 -407
-112 -595
-781 -451
-199 -217
568 -866
-181 313
15 44
-13 959
444 -618
311 513
225 271
-857 -381
975 -243
-921 -945
-330 523
432 53
274 -905
-343 -49
314 -261
-141 988
473 211
-148 820
-594 -346
-244 -700
-885 -587
-426 287
123 -164
-280 896
246 570
283 426
-523 -917
275 -830
356 21
-864 -64
-591 -150
-116 -280
410 51
690 496
716 434
528 765
-522 802
-686 -470
-409 -193
545 -702
-348 776
565 495
999 302
501 374
304 863
-75 645
31 -715
-683 -490
115 313
-694 381
-435 -634
-48 -249
-802 824
-807 690
-706 102
79 37
-899 -165
-395 -265
-798 965
-471 501
-793 441
182 599
143 -46
-485 477
259 -322
-616 -954
730 -878
176 -971
162 502
410 799
-860 993
-448 657
192 167
-414 -989
83 -171
-95 -194
307 213
-823 222
-690 888
410 453
374 841
555 -467
967 -381
-998 -689
-970 -188
580 -518
-994 -301
-788 304
-404 -289
547 728
77 321
980 876
347 805
-446 877
-247 54
-791 944
-479 -46
910 23
81 -88
391 -746
745 -91
-437 308
-407 -699
136 101
610 -869
34 -279
663 -374
232 -728
94 43
-389 621
-398 142
629 195
532 -514
-695 588
-780 364
-351 348
-331 1000
412 -748
57 621
928 -200
782 -719
160 -295
-735 219
-604 -889
478 399
520 -888
-212 -394
-12 456
122 -940
164 -552
620 421
-617 -35
-827 810
-913 -309
-130 638
926 892
970 221
775 509
-356 -47
998 -326
-200 433
-919 961
-763 -337
-427 213
937 -931
289 -23
-414 663
-981 578
263 -577
651 -230
289 149
661 -214
671 -956
-502 362
698 722
-776 834
-719 -614
-604 -800
665 -911
480 343
780 18
318 -652
-512 -808
948 -781
473 -12
160 762
-178 -51
801 407
848 -692
-435 797
583 -502
418 302
498 565
-888 331
973 247
-82 815
-542 752
-142 32
-750 964
-943 100
-568 764
53 -815
-834 -967
-222 359
-110 -297
807 -544
-487 955
-955 -876
965 -205
-353 -410
-557 884
-716 -72
755 -19
209 350
-782 131
-55 818
-854 180
360 639
773 238
213 959
-973 -720
-929 942
-214 788
200 98
-721 -195
98 -714
148 -887
455 -797
86 975
155 -281
-206 532
812 150
391 -868
603 745
950 503
-988 570
-893 305
894 -929
-380 -731
318 751
372 49
-400 720
284 879
323 951
-304 443
-426 631
955 -965
459 744
337 457
900 -319
-634 175
-534 750
821 -30
-515 864
-242 112
-763 -467
-871 347
-632 -218
590 365
769 -347
172 -969
500 -825
997 181
659 -526
-470 855
683 703
676 -782
-115 959
79 484
-141 971
-280 -557
820 775
-321 -295
312 -637
879 612
27 -658
859 314
-979 740
314 83
710 -627
442 -575
811 -397
-299 -108
77 -574
753 -828
769 843
610 -162
-543 492
121 125
838 -217
448 103
-239 -295
654 -465
759 466
487 973
-832 -465
678 -94
-646 100
-736 -304
832 749
-274 -316
940 375
-722 -915
-378 967
-489 -245
-305 200
17 525
312 352
-729 442
387 469
647 73
608 185
483 -375
492 -679
-154 -306
-492 280
-464 -39
-455 417
-130 309
24 -425
377 -620
331 183
610 606
245 951
-389 403
-111 -707
-892 -109
52 -786
20 83
968 473
-865 -553
451 210
861 -983
-752 43
738 -238
64 -549
458 -493
980 486
-822 923
-560 -215
-759 -77
743 62
-468 -487
-863 -373
-151 -204
-211 884
966 -294
-210 -453
510 46
443 -991
446 44
-343 531
816 -425
921 879
-375 719
652 514
305 -956
196 671
-16 -761
-488 148
227 -888
885 -52
315 -298
-162 -297
-153 781
648 -488
950 927
44 -466
-69 649
-776 899
-181 749
-940 114
-708 490
378 -919
527 992
324 -417
788 341
-155 460
149 83
-743 -209
78 867
242 -44
548 -129
-876 196
-683 446
-9 -864
905 -665
786 516
-51 -925
-202 667
19 65
461 687
66 -247
313 -435
-74 -444
-938 -814
-97 522
628 922
526 -433
536 635
340 132
41 -784
-582 -848
522 942
-759 535
-343 -204
904 -88
42 278
865 -525
-713 794
929 542
-325 909
186 -96
-545 -26
729 -33
-405 782
161 791
-455 -713
737 44
419 820
-267 733
233 939
694 622
952 -505
783 -397
847 -349
360 424
957 -599
751 62
495 -961
496 -835
836 846
-441 -68
779 40
886 109
86 320
597 894
-874 -909
-605 -704
959 -109
392 656
721 299
-949 -111
-452 989
171 -949
623 69
929 542
-806 643
283 273
-597 -339
-997 -802
-79 834
-96 612
76 702
-321 -169
412 110
-372 359
800 52
-606 631
-906 -801
257 895
-305 -49
-930 -641
-708 396
-521 -937
-406 776
-638 224
490 744
-701 564
-150 361
-897 -481
-942 921
-663 645
155 -750
-330 -513
401 -762
355 518
-490 685
902 505
-76 -297
-990 146
760 -172
-62 -346
-604 395
579 -711
713 471
513 -233
874 882
-688 39
902 -674
601 -160
781 740
-606 -631
409 -987
210 328
-91 -889
744 143
-619 369
-67 369
-267 727
-949 -881
414 382
-940 603
515 716
189 -733
-89 -896
725 834
-259 466
-306 -224
671 908
176 430
-993 135
470 -383
477 -43
453 -354
397 -575
154 340
608 -962
601 764
319 10
-789 355
804 -141
-164 -758
-346 421
-889 519
304 956
-43 -370
-991 768
448 -651
-675 743
109 -377
885 -391
21 661
920 -153
-816 -876
591 835
6 -623
167 541
-917 887
45 750
170 -297
-158 865
-620 -991
-360 228
-42 414
-805 223
-311 298
-456 848
134 -360
169 975
914 -112
-591 -62
-257 335
241 953
-141 438
-242 -495
-801 -906
943 29
771 -619
52 -870
-685 -638
-200 -401
645 -100
-868 261
422 421
375 -995
916 -751
646 -639
118 -511
-119 -293
-756 283
-954 -814
-608 336
-572 -665
210 -821
760 -519
386 -244
-510 61
338 733
213 -259
-818 176
-333 313
-481 677
-172 -478
-403 -833
861 -157
-262 -815
-384 484
132 -737
25 140
364 548
126 785
716 965
847 -227
135 -572
338 -4
-544 769
-860 670
-39 55
164 223
-914 983
831 -783
451 -877
-495 698
302 394
212 -832
-764 -412
569 813
-928 -587
-141 887
523 -287
645 -151
-538 -4
763 -221
605 238
463 296
-114 -604
-473 409
756 494
330 97
-826 961
-608 319
-394 189
9 -683
845 206
624 48
49 240
462 702
-827 426
-902 -693
-737 -790
-936 823
-664 916
-385 272
-137 -208
-215 -679
-294 731
978 237
964 44
167 522
664 -583
935 -19
-854 -985
819 -328
-391 445
10 719
-131 683
759 -881
558 356
391 317
-847 -208
-468 -134
-545 282
203 450
-774 193
65 -946
618 54
205 703
321 709
981 -578
654 -628
796 -319
273 637
-978 -179
-763 -956
-848 -267
439 646
-536 596
895 -611
577 -839
284 962
-433 -334
974 418
-317 0
-683 720
966 685
823 864
-933 -929
631 592
-281 -530
608 -331
-11 -893
-468 -689
-144 874
623 -416
509 -916
921 802
374 -803
-831 -557
449 -23
-519 244
-425 749
59 -968
-716 244
-700 256
741 -19
334 888
-166 -933
-107 852
229 33
780 370
946 643
-576 898
594 -595
-204 754
932 998
-221 862
642 -898
-804 -71
-280 5
-328 542
-220 623
633 514
984 -728
63 205
230 -706
-147 806
-737 736
-394 712
-864 -612
-744 801
-1 -26
112 -922
987 -674
-622 683
-828 -157
-742 996
506 -229
901 213
-758 -615
716 488
720 193
781 -909
-821 54
181 146
286 -760
-217 -991
-634 258
618 257
-351 -535
-174 -225
-882 110
-78 363
-223 761
-881 -198
310 609
386 688
-758 15
-540 911
-328 -597
-642 -274
-278 416
-287 -702
-1000 382
89 968
37 257
-77 307
275 -693
-124 267
184 -287
-612 930
606 -65
-182 127
992 578
-783 442
0 424
-618 -989
942 951
-873 40
-684 -465
812 627
-133 582
987 966
449 208
671 473
492 182
-342 119
-451 -778
26 97
-638 -752
158 774
-777 -57
-274 242
-6 -128
233 -981
53 -118
-855 525
154 732
613 518
811 -638
103 -748
935 -865
490 549
193 547
273 -906
-334 -813
208 -793
-564 -897
-493 554
47 -369
66 290
866 384
-726 -179
384 -267
-354 -174
-692 67
877 -186
704 898
338 632
-675 -717
588 472
-147 -258
-742 -33
-455 322
-378 331
-679 735
381 971
365 -4
-519 194
-278 531
846 847
408 -719
532 258
673 -136
-959 -586
-29 -611
-565 -761
765 -998
558 860
-559 -2
-7 530
-430 302
603 999
-259 22
-967 85
-449 -867
-921 -790
307 -153
-358 -25
296 390
-957 68
-810 706
-507 768
-489 -655
-53 28
511 -805
401 452
766 404
253 -472
-311 422
656 -467
-248 450
-647 -678
33 301
-803 -281
-625 283
594 848
140 -815
-73 252
-4 249
-379 -375
-484 142
-453 -336
810 119
730 125
187 997
263 -394
-77 -680
352 -510
-973 183
96 735
101 -926
934 295
287 -658
16 -919
232 802
-959 -58
-646 39
-637 -739
-216 135
339 -26
570 -317
-605 766
-59 -136
4 663
-817 -259
-834 411
46 -308
494 -740
-657 809
480 895
-918 473
-299 -601
895 175
275 -43
881 -743
-29 708
-210 -339
-912 -935
-954 947
-510 -734
603 -998
260 553
-557 244
597 84
-531 340
464 -98
751 231
-26 81
49 -471
392 -362
-871 982
958 -602
-998 -121
575 355
296 416
139 -742
466 807
934 -143
-705 63
-62 -758
-201 544
477 -861
227 406
-219 -524
550 71
-341 -92
-81 1000
-814 -235
144 216
716 613
-819 492
-875 -339
-753 793
137 514
591 -559
599 -528
-469 -497
-387 -742
491 -798
-976 -322
-550 474
-154 793
758 381
-635 164
26 -439
726 68
828 953
-569 748
-961 -318
-687 -983
-815 -165
-488 569
-391 -771
-810 603
338 871
-999 74
-796 953
498 -958
-877 -811
-174 853
423 -989
746 790
163 459
-606 -967
249 -711
796 841
-317 -860
-979 128
-661 523
-306 874
-404 533
-504 807
-849 775
511 -850
120 -996
-419 687
-938 734
-591 737
352 -883
927 -243
218 162
139 607
-802 224
581 663
201 -813
37 551
251 532
-311 382
-240 256
-892 758
-761 68
-107 234
256 346
360 194
-377 968
748 526
-979 456
-644 782
-825 -980
880 291
-500 -871
672 -66
-191 59
-201 950
-502 -412
-275 134
-271 427
-126 195
319 478
21 -362
-848 943
-529 -444
828 536
-198 -524
-734 -419
215 889
-969 391
-996 -661
314 587
-428 322
-393 206
-22 -794
824 -508
-811 -931
613 48
630 -568
-823 -273
-232 882
234 698
-752 303
881 401
433 -904
555 826
215 -101
-745 -513
-587 -68
151 356
738 883
-955 -764
47 -516
-557 72
965 38
-747 -773
391 417
175 -323
442 -981
-661 688
726 355
120 -215
526 -958
-796 55
-765 237
18 608
0 638
180 879
-86 631
316 -874
444 69
865 877
-349 -972
-110 -320
680 605
972 -622
-964 955
640 475
-401 908
-26 179
846 -180
-839 742
114 364
-597 953
888 207
919 351
-896 785
639 371
-24 -864
723 -518
-89 630
769 882
191 378
-465 487
785 -216
-506 -197
-458 -421
754 -81
-245 249
323 410
-690 -828
236 382
20 -94
504 -201
520 817
442 -489
638 -504
81 -44
-803 -242
-481 -538
-3 -741
953 -438
371 -577
877 553
-830 942
367 644
67 174
-310 -40
-844 -479
-949 -210
154 894
140 -380
689 -756
527 661
410 -857
26 -414
571 -195
103 -976
-162 -551
216 -813
-157 586
652 -47
535 -775
319 801
-884 -189
-573 140
472 132
-187 -272
-230 -517
304 -973
82 -172
-423 -552
-832 -584
-971 344
144 -484
-14 440
-938 776
-541 -639
596 -109
754 350
611 -306
-764 620
-716 797
216 285
906 -528
-687 -802
375 916
634 -294
921 -610
948 238
828 181
-486 -666
-341 -71
-855 875
-135 -774
-514 -656
-836 651
-613 983
-634 -39
172 547
589 767
76 900
-357 -324
-171 205
-740 1000
359 695
-465 845
799 -890
-320 -210
417 -738
-279 502
641 319
657 824
953 989
-117 64
-818 365
203 -112
186 -166
603 637
970 51
223 -850
829 -39
590 -80
825 273
438 -848
909 809
258 -176
-257 -804
122 -357
-474 752
-196 528
968 283
-265 502
-510 64
297 -581
62 -445
-280 -114
-235 931
409 901
162 -585
-134 -585
494 -756
669 765
69 21
463 581
-155 790
-175 726
42 -721
-575 -986
-931 -8
516 583
-931 771
-926 -429
174 769
968 840
-838 -527
-851 -298
554 -331
916 -943
585 -617
673 31
-142 -584
585 -349
875 -931
-38 436
15 -370
400 709
53 851
-913 466
-854 -546
-358 -546
37 263
318 -916
-380 291
-727 484
121 -555
-839 -17
-832 -950
-65 210
-403 346
-468 -371
40 953
-839 -519
-194 -459
-636 326
788 312
-821 -148
-186 -922
-939 421
-803 31
-106 822
-339 548
306 -132
-236 -136
763 -975
22 -24
186 -738
651 -735
-526 989
823 -773
55 -103
-677 546
-675 124
18 -523
-640 -852
5 589
396 -839
550 -822
-785 -631
456 -735
247 118
-913 -340
-856 -544
455 85
-366 502
-132 145
822 -30
412 -148
-201 -69
709 758
-845 -283
117 239
192 -771
-616 -740
636 -164
-964 -440
42 -151
83 -11
461 535
321 -883
139 -513
-506 -667
549 -823
359 -172
245 867
-517 -284
964 -300
648 108
915 58
-639 926
985 -929
-164 -931
782 210
577 -199
-457 -50
-794 -36
555 -608
-510 387
-441 -566
-30 657
-760 -376
889 280
203 -607
-943 -286
697 -571
133 -865
784 -30
-440 -39
825 -881
-507 953
-379 -889
222 -762
-858 486
880 328
-924 243
-266 -191
-683 348
718 179
-551 463
-2 224
171 131
-943 19
-764 295
-211 -698
-662 -108
-746 616
-873 -444
710 -309
-25 -28
-306 742
-712 11
-637 770
955 -455
-722 757
494 79
412 -53
731 -671
348 850
-317 -107
-132 917
744 195
280 958
-905 463
-560 -620
991 -689
-895 -494
-986 -177
582 887
2 -737
-179 88
488 144
875 -413
106 635
-59 -137
363 -592
-358 744
476 984
501 59
858 214
-971 381
-205 319
-540 -607
-823 -895
-827 -404
380 315
-655 -1000
238 377
504 639
54 -758
216 740
321 703
788 -171
-114 635
-376 20
343 349
-337 -366
698 -849
355 -364
962 720
526 545
-537 -775
-328 614
865 314
-31 -136
380 623
-38 -544
854 153
640 -571
-694 -132
989 -999
547 -151
769 727
-888 -761
685 -199
-37 127
-886 615
-314 50
-829 -894
-137 -462
103 153
894 410
230 521
531 264
-168 -644
-283 -4
810 -780
454 884
-252 681
41 -58
-588 -946
-494 647
39 33
-631 435
454 -42
596 30
425 -268
-55 -713
-956 34
55 601
-130 60
-737 854
949 -7
-138 118
-894 -201
-991 -685
-507 335
548 775
-806 960
441 -500
-644 545
-281 -8
145 -977
159 -506
832 -579
-438 82
80 841
-926 -923
-65 -262
-395 69
-906 899
-113 -88
-940 943
423 7
889 8
252 -646
-523 -116
-197 -781
-522 564
731 647
-334 797
-713 79
-615 -653
-865 751
-322 -367
952 -111
866 965
422 -603
-190 -484
141 223
-973 -489
321 -200
967 -502
106 171
347 908
495 499
372 894
-416 771
911 111
-929 206
450 867
-260 590
-148 -73
588 -223
-241 424
-546 765
88 -823
-646 7
565 -434
-480 -578
-122 -841
-515 -252
462 214
286 471
197 792
-830 -33
523 -868
-978 438
482 56
425 132
516 50
-221 423
293 -28
-488 -357
-659 -507
-735 642
-280 -479
702 -940
-140 133
-985 -196
-830 -677
-849 -534
490 870
312 476
984 -593
-229 -816
519 -679
-146 265
401 740
-466 691
-611 -325
-535 -557
-722 998
547 -917
-791 -577
-698 -839
-991 -644
-901 -182
453 621
991 665
833 -537
-477 -48
737 267
-148 770
-619 728
-709 -261
284 -338
-734 624
-672 283
329 78
460 -164
137 220
102 -40
-286 975
399 17
328 954
-213 383
179 152
-862 397
-650 294
244 207
-585 387
517 -12
61 8
156 -495
-521 -837
568 -517
-401 588
-726 513
-299 -224
-591 350
-663 -779
-258 -60
923 -98
267 -737
515 675
-990 -848
305 -71
-379 510
-622 -837
-40 403
-853 77
328 942
-961 778
-261 529
41 520
171 537
-144 52
-733 -58
749 697
-813 735
545 124
490 -455
422 540
638 472
-837 531
159 -609
94 640
-386 894
732 37
-253 -138
-723 274
-385 -475
193 -398
-857 842
-170 157
-937 329
600 -707
-155 -466
-462 94
178 279
-521 -695
754 413
375 574
92 -613
-948 87
-409 111
-591 813
801 -741
984 -117
846 -316
-34 573
-324 -111
-832 -49
-974 37
156 370
-877 271
-641 243
212 -191
-82 435
981 269
-989 -436
-169 -799
-739 -562
-436 -65
925 82
720 -404
240 -914
-880 -382
15 646
-994 -161
-997 221
594 -882
-955 -519
246 717
906 375
-820 -659
-429 590
539 947
-645 -425
-433 -352
817 -815
425 -141
685 782
-349 511
204 996
837 921
-509 -188
296 -38
599 808
207 507
-784 -25
-384 -149
292 731
13 623
-324 -619
-776 -954
202 -385
687 -549
996 -338
198 -466
875 127
-513 894
670 -978
165 867
751 476
263 -394
-954 646
-182 484
34 571
492 52
82 -547
573 46
199 851
-341 438
-628 387
852 879
-667 981
327 708
548 774
-365 -961
450 695
693 -532
-778 486
366 989
402 626
199 312
655 928
146 939
-215 -588
-272 -758
537 737
-816 585
231 -56
-573 651
-820 472
250 -273
-40 -237
590 -38
-268 200
-943 151
830 -843
987 -486
355 -419
173 685
-79 -58
311 -509
-151 -541
-401 -140
-666 -83
805 -31
-174 -602
690 -703
484 597
-922 862
-246 -832
637 220
-207 -939
-590 -14
-653 292
984 778
884 463
-528 86
-187 -449
-680 304
-225 34
-938 -857
548 140
534 -44
180 624
491 -770
971 331
-353 -230
532 307
18 -125
-410 -130
-282 -394
-967 668
93 540
-574 -818
674 -312
441 -954
-217 645
-134 -296
542 34
-479 -920
-333 811
783 433
-431 -174
-397 -59
567 -440
173 -86
-700 671
-3 363
369 433
-197 604
-399 -284
-773 997
647 911
327 632
-911 -879
523 -838
-659 -581
419 860
648 -307
478 406
505 -338
219 -441
910 807
50 -795
-891 -993
-759 -821
867 110
-549 -702
147 -487
-556 72
-208 -777
994 -598
84 -359
-136 -209
128 177
-227 -628
943 -724
-701 527
163 398
673 -626
375 -498
486 291
703 22
828 -147
-961 -304
-344 764
592 378
-64 574
227 117
-304 -261
-771 -806
-997 -644
-248 59
250 315
-820 468
451 -608
220 -635
-749 -332
-253 -668
850 -850
164 550
521 220
-715 -607
-567 644
-389 -196
465 782
942 375
825 -999
-861 -876
763 151
-78 -644
-221 119
-692 -186
559 953
-185 154
796 255
289 -898
540 -65
55 500
580 -531
192 -108
-551 -975
-770 1
810 -806
703 -553
471 307
737 -112
863 377
-128 -534
-867 -612
-606 -954
550 -967
-754 382
-442 -89
929 422
-808 -989
417 353
-153 -495
189 800
-235 308
868 495
-931 876
-431 614
-778 392
210 -174
434 896
448 -313
505 -705
205 172
-38 -18
363 944
929 -260
629 100
-709 449
881 392
-414 177
528 175
6 -730
347 986
420 -315
-83 -4
-92 288
-96 -465
147 -456
35 -872
-134 -990
102 914
600 696
671 -144
368 -601
820 -494
-432 117
-906 161
-258 -190
-313 -848
868 24
62 320
259 238
981 793
-242 491
693 52
-99 906
-210 693
-793 -534
960 -407
-951 -599
-173 501
20 94
-955 308
-681 549
-996 -469
653 560
586 954
-936 -934
-872 286
275 130
-859 838
-161 -63
793 767
879 -886
-928 -962
540 947
-745 -717
622 196
605 935
168 -333
778 -545
-170 216
-472 576
-522 -71
302 -621
750 -146
687 854
-544 996
-485 -4
223 -193
259 956
-31 -159
329 -757
-276 -280
685 -979
450 -571
780 815
-273 -685
-363 403
-620 -614
612 -628
-987 -899
-457 -575
415 607
243 -236
-500 979
771 -702
900 -127
-303 -953
588 -664
457 44
611 -552
251 -752
-626 -434
500 -173
-549 -33
23 -398
-220 792
178 -203
569 -752
-412 -500
811 -227
403 515
-693 -499
-648 725
718 -577
948 589
-416 778
534 633
468 93
-758 737
-129 46
-560 466
-866 -748
443 951
-664 -358
-36 -110
-107 829
-548 741
960 579
396 -940
-442 405
-716 423
824 -837
402 804
340 -593
641 752
327 -961
-733 -876
-155 -204
410 -851
995 -299
225 736
-906 225
834 456
726 -530
-586 268
315 200
217 -869
961 557
-9 587
970 973
-649 698
883 -877
-947 -230
-53 291
882 -891
-211 310
136 -29
650 -3
-431 996
463 943
709 -36
421 970
947 -201
-194 -578
-325 -430
-371 -806
-470 -530
-715 412
-3 209
387 -68
415 452
615 535
384 510
-531 959
-336 -626
-824 357
-405 -291
-471 -926
-42 -921
-365 -674
812 -619
241 -627
189 -847
490 -113
-459 -665
734 -961
-765 -277
-82 179
-172 -548
481 728
358 -720
-910 644
427 430
511 -470
620 -942
512 564
-452 -875
-967 -914
932 906
-211 249
612 454
314 -735
236 611
747 369
-200 145
244 -177
-892 553
-219 -748
335 -602
24 -150
648 107
-460 292
-998 174
-987 704
-488 -902
-128 -36
896 549
24 766
792 653
-952 -510
104 887
407 27
590 816
-596 671
-343 -498
-457 -228
-976 733
27 -821
-33 921
-707 -138
-315 183
-432 313
-276 750
-73 -306
-392 -546
-59 514
-360 850
-910 -834
-386 185
-536 -89
-276 -487
-943 -289
-971 -132
717 511
-744 -594
165 575
364 -956
828 -102
254 537
-417 -114
775 -718
-701 597
-412 324
511 -943
859 871
750 -898
427 144
667 517
778 807
-379 -445
328 383
493 -801
-426 -531
-913 -40
543 -639
-531 -841
267 -142
-479 -663
-879 342
530 925
-154 -281
699 -818
821 -770
-561 -577
-541 -963
45 790
780 -521
-141 292
895 -795
374 -256
336 -724
-432 -964
250 -647
248 -180
812 720
-334 285
-871 789
241 368
984 -289
816 583
-825 141
392 -160
0 515
-280 954
232 -115
-442 144
-119 4
924 810
806 363
367 940
-621 -885
-242 -841
-562 908
-951 878
465 456
863 -913
683 -845
662 933
390 211
644 76
-655 -310
313 -277
680 443
-457 -328
27 80
458 -166
-673 -61
218 -918
539 719
427 -922
276 -126
704 674
780 261
-973 -107
-731 -919
-705 605
990 -157
-906 -463
364 728
18 -996
-671 -571
228 447
-625 -422
78 -170
714 868
-486 -651
456 376
472 -524
-295 -302
-760 -389
-279 -249
-121 -295
-437 558
-450 -496
-987 -114
-474 -415
959 -173
420 -753
638 -838
-614 -396
620 -204
-655 705
-415 -482
507 92
354 -126
49 952
-539 -121
891 -617
568 -162
-863 450
229 837
-818 690
-274 679
-316 944
22 -894
280 -805
330 -677
498 -364
865 399
-632 462
-552 -896
-282 657
-77 -987
908 570
-807 954
-410 -311
-863 903
-726 -285
-534 642
-538 -363
269 882
-750 -730
256 18
-783 73
-947 -846
776 752
493 545
-663 -26
-633 -368
-960 818
-785 813
-67 -141
151 -690
-651 846
33 -507
188 645
231 11
530 -652
-508 -392
-817 -782
-942 -713
-972 379
311 209
-576 933
-815 123
-703 715
-763 615
-521 -497
-990 680
872 251
619 -788
661 401
-46 821
969 -153
-238 857
-813 750
552 77
-425 652
249 757
-276 -437
319 -899
-883 -554
631 391
250 354
294 -185
-154 25
-145 -860
-253 -604
865 885
-233 776
-417 676
700 946
-376 -542
408 -143
-885 94
-353 650
611 -943
824 413
363 -410
-504 -26
-366 -930
-734 -350
898 251
999 445
621 449
650 -631
990 -778
468 -407
-975 75
-148 844
503 704
633 -726
-499 -637
-823 504
574 918
-121 -462
-402 -828
101 936
137 229
-16 420
-950 498
-230 -515
-816 -634
687 -959
-564 627
350 530
959 -755
-803 -924
82 -45
-503 -25
117 992
786 -466
809 627
-102 912
-218 385
163 898
9 -1000
575 -751
886 -783
128 -91
-402 -804
212 469
-537 -455
925 -422
-569 491
-622 561
591 -849
52 514
288 -761
-429 -555
-786 -782
-884 443
-158 -453
-335 -507
-377 -843
434 171
-121 207
368 -912
537 -972
532 -537
-84 286
-714 -50
-75 540
-770 798
108 -652
575 -202
-627 -718
787 480
-411 9
-803 -482
453 -808
78 754
-905 452
-700 576
441 -228
-501 22
-980 340
838 272
901 701
-37 763
976 156
41 553
909 449
51 307
376 -252
137 562
824 -567
-642 695
-824 -833
-613 -742
145 513
643 -574
9 290
-689 -464
-764 684
-867 -749
435 -641
81 -906
948 904
332 12
-269 -952
717 497
78 -470
-959 -353
-201 -183
-385 -439
-324 -405
296 835
-619 -534
703 -205
677 514
-191 656
768 678
-265 182
193 634
-429 -286
-813 643
-156 389
829 766
402 -621
38 589
224 892
570 741
-495 -820
-144 239
-274 980
-465 -360
161 -978
-649 412
407 780
503 481
185 -773
385 498
-518 -562
-125 -413
840 -895
-387 -210
-641 989
-629 -877
-454 -396
476 -54
-860 -573
219 156
-321 222
-444 621
658 45
358 841
-676 410
28 67
953 880
-883 785
-784 -578
23 440
196 -265
-114 189
-877 -954
-622 779
-482 -724
-471 393
-106 426
456 615
942 802
754 -182
93 906
-119 -869
326 -841
-424 69
193 773
-865 -169
-354 -837
-234 87
911 47
613 361
926 764
-480 -574
-149 -505
-181 847
-331 -347
206 -25
-530 -120
729 64
438 291
-759 -888
-955 -548
-210 880
956 -659
499 789
-789 748
271 -621
-321 -731
-889 -791
-272 480
299 -35
370 767
957 768
217 -914
-170 -774
657 185
-508 -49
-945 492
318 891
-367 450
885 -717
-544 158
-254 -712
-931 -153
440 -84
423 -101
-713 -395
612 -928
-174 -548
-300 441
-69 513
-863 628
598 835
-672 -799
688 -227
403 339
-574 -300
-812 799
653 -623
-793 51
-269 -756
-774 -10
-330 -493
-234 830
-565 298
-938 658
31 452
741 -122
692 96
-784 -181
-747 440
-917 336
-534 316
-451 264
-866 -666
256 898
840 -185
-591 -771
212 -734
146 20
-111 -543
-594 -392
-974 493
-257 128
191 -596
579 -42
80 199
-917 956
923 972
-503 -74
-356 929
367 -90
182 569
511 -740
-344 912
-23 346
61 -363
-659 -439
-565 466
-572 821
96 -376
-442 405
395 -364
-702 544
347 -167
839 14
-632 512
28 500
-148 585
-600 -654
-136 674
245 221
-161 -364
-661 -250
934 -497
279 -804
-200 687
197 -502
-852 106
-570 224
895 362
-773 -52
11 -51
356 -532
856 -860
494 -382
846 28
320 -245
119 174
521 814
-14 -161
-187 -611
-347 198
-142 -945
-266 -468
484 -13
169 -595
-453 871
213 36
968 -45
-798 467
527 594
645 757
-510 569
-13 731
139 -992
-329 529
-828 -482
597 -73
143 308
-735 500
921 177
961 101
632 440
-233 266
435 840
773 501
-995 137
873 -192
-110 374
964 589
-283 998
9 -800
702 -325
-645 -732
-172 -3
-895 873
-553 -995
970 968
463 -260
855 228
668 840
987 950
780 721
369 149
-98 -287
376 704
903 -187
95 337
825 -569
-453 907
-200 -54
973 300
884 -311
12 125
33 -501
841 -534
465 729
884 -888
-554 616
981 768
-515 58
314 589
652 712
-522 827
986 355
539 912
44 -768
-131 595
-582 -192
-187 805
-191 899
-455 -700
349 346
876 -38
710 729
-643 393
333 444
227 -508
-596 57
950 635
-327 -708
613 -16
-178 629
305 -474
-204 57
339 -670
-406 -420
294 -972
287 -717
417 484
101 -615
369 372
-81 910
237 -556
552 -339
-138 190
-561 123
-503 -10
78 -623
-76 -326
95 537
-73 -485
-197 537
-154 783
-836 -229
-773 872
732 846
873 -238
209 -475
345 717
-623 331
-684 -982
961 -96
-334 -719
-831 247
-591 -190
806 -933
-438 108
340 133
-197 -1
-513 -369
999 -945
500 -97
550 683
40 874
-725 752
-31 447
243 -820
40 157
62 501
-519 -55
191 -456
114 -596
720 -890
389 810
228 -906
-789 -30
213 861
538 -762
575 561
93 402
6 343
-352 787
371 -702
314 859
4 -203
198 -150
48 954
887 914
-196 835
-656 -322
39 642
-868 243
558 582
249 -686
-663 435
246 -912
986 -198
-364 313
342 269
-459 -652
-208 -959
304 -93
667 -515
752 515
-348 -433
10 -150
809 -344
728 -117
521 23
56 40
-469 396
-959 807
128 423
-627 898
-421 219
959 909
-883 -325
503 994
-731 -838
-735 -438
-421 -797
667 -895
24 376
-334 -509
-527 386
-887 -417
610 430
86 290
323 -571
-652 -75
-677 563
816 602
-996 -835
-442 -178
-250 990
584 -561
655 -363
853 -628
651 378
-276 647
-938 -937
788 -362
281 133
-285 -257
171 -664
-689 -287
545 230
409 -404
-916 -728
837 132
241 921
992 -535
-530 -695
-18 13
-396 -46
576 130
176 -1000
-680 -949
-367 716
