3463
-445 63
-509 -212
-471 787
873 -332
-813 611
-386 -136
564 343
-166 291
193 -376
-106 -944
214 -682
302 -278
926 -870
-170 -759
766 926
270 -810
773 -430
-714 -906
-96 41
-982 -244
-144 -1
-53 823
52 701
-655 2
-599 476
-529 595
330 -487
897 677
359 943
-567 810
-828 -428
237 -499
68 728
747 -687
973 -113
-706 265
552 875
-494 -929
-241 696
815 -426
-724 45
856 -680
-139 143
75 368
395 -574
395 -514
-639 -131
105 742
-345 -181
-279 679
-611 798
-115 -458
-896 -128
-275 -261
136 916
629 -271
-380 328
527 233
894 -710
-483 948
-937 -32
-721 -857
-550 -680
-861 502
-991 -456
-119 -351
-713 -87
-871 -174
-807 -949
221 -675
80 -79
-717 37
-538 -985
399 928
434 950
497 -594
-529 -241
-793 -965
-519 187
444 83
-845 -255
367 330
-256 -599
-865 -935
-333 10
-331 34
-382 -758
874 889
728 17
-351 -433
306 -617
-682 -377
-265 -862
904 -570
881 -843
-206 -915
171 -172
-365 719
-248 508
-199 -807
-179 -233
-99 370
-110 -741
571 -760
-927 10
-637 -57
-669 295
-558 880
564 684
-233 -306
813 322
-877 -199
152 -379
-944 456
-35 398
665 545
113 263
803 931
970 680
-961 -194
794 284
-920 -12
-832 378
-848 864
-656 -81
434 -347
-538 931
-386 995
-896 -155
287 624
-748 291
130 901
-873 -23
805 228
-919 -13
-931 -422
26 741
910 -71
-17 519
-504 629
-569 -679
23 -112
-770 -520
-339 -992
-875 -716
129 326
868 -310
-262 -404
-359 865
-480 -328
-838 -354
532 -336
-829 -196
406 468
277 918
-686 854
-164 193
-156 -951
236 -629
-149 269
-467 786
-936 463
679 39
-12 358
448 -182
124 10
133 -687
-832 -658
-854 434
158 247
-513 -305
854 -28
-281 985
-343 -514
-750 526
12 -493
976 675
-113 113
490 -268
620 -776
850 668
788 696
389 122
-406 340
-806 -849
-139 409
638 -331
949 615
377 -743
402 -815
-125 -219
140 298
-806 -762
-825 447
-988 165
-260 782
588 132
-583 -498
167 -759
501 -80
901 -343
-672 571
100 420
-413 723
948 -754
-610 662
-621 553
-378 -672
556 -785
842 133
-958 100
615 -729
495 386
917 -516
456 435
-326 -404
842 641
-774 -679
82 -840
845 355
37 439
282 -359
-324 140
-9 -892
-520 859
338 -339
-823 -62
-350 -546
703 -413
-655 43
439 -103
14 176
585 183
-113 -360
-738 -265
673 -684
-455 -183
419 -191
768 292
182 189
-800 214
-878 -169
418 -328
-995 427
-657 462
894 -57
970 810
-439 -141
-70 -757
-885 844
-867 -557
-30 928
-247 -166
-461 -730
-872 799
90 -793
472 -474
72 712
-776 616
-424 -518
399 -965
936 -688
-514 869
-43 782
-967 201
-811 235
-395 -193
-391 -104
334 176
729 -928
-929 -462
437 302
-425 26
611 386
-443 151
-658 565
-321 457
-586 -954
405 368
-745 836
660 211
209 266
-71 -905
546 505
34 -158
772 512
-657 -786
-168 -457
833 91
-235 515
-680 422
-891 -698
3 965
-728 -529
51 -624
-844 -197
-908 943
-891 -586
282 704
-863 -683
-15 -224
-998 -523
741 370
411 -968
47 923
882 -764
-306 -33
-585 265
-321 -79
-189 598
-94 700
-696 353
912 928
-978 415
176 -137
-553 -871
-653 77
-586 369
385 5
429 -645
-525 386
22 711
-283 290
34 -541
-628 -626
219 -201
-440 -469
-974 848
815 -165
547 839
12 -33
876 163
69 -371
893 -982
466 -936
-684 -317
-393 351
-239 469
711 -113
383 607
166 213
498 -798
320 -449
-505 232
982 147
-193 300
-685 -192
-663 80
-553 514
-380 777
-325 -608
-688 289
687 -651
-98 -580
747 -206
417 818
-605 -44
-231 447
643 680
-387 -163
-87 102
572 -871
351 -437
36 827
-210 786
629 234
-999 654
335 -364
552 603
-957 633
-813 36
653 894
-771 -287
422 -647
-700 -237
-169 227
889 -531
459 576
-647 180
-214 -178
-401 -997
736 818
-97 -408
853 -860
223 374
-508 569
-204 -581
152 107
483 -244
563 -725
579 856
662 -374
-591 777
-213 -10
-553 -517
-608 161
-475 -479
-373 -49
330 365
444 759
-396 25
265 -533
532 -29
-893 -941
-811 -607
707 -578
944 820
290 129
743 724
-777 -3
-549 946
-817 93
618 636
589 -546
-748 -236
-442 -500
521 -525
-112 895
-681 694
706 80
242 672
-291 711
869 -818
-216 595
-971 -476
293 672
-235 -881
-789 957
-195 -954
-520 24
379 840
-133 -345
-62 415
-138 -524
111 -968
228 255
-642 -122
-378 925
353 -999
-417 -432
296 -854
254 726
168 99
-262 -30
326 -823
-490 -788
614 974
161 461
109 -299
-193 -235
-448 -486
-837 881
-873 890
-896 714
-236 48
332 -592
327 518
-143 620
134 -885
-490 198
-661 -533
-6 385
277 275
12 719
49 548
758 965
708 -166
339 466
990 613
520 -116
-842 -576
-928 473
-127 737
355 -243
-526 -47
-439 727
-601 -691
701 562
179 -603
401 524
380 988
-32 882
618 -217
474 404
307 673
642 835
396 -839
-588 16
200 -83
-22 -431
553 805
733 -391
-352 299
-766 -443
189 486
-289 -486
465 141
549 645
146 -365
802 914
333 585
-985 -597
-547 841
-478 188
-17 -335
512 943
-459 -769
254 648
-958 -889
847 125
-776 260
-444 -297
-915 -616
-502 -877
-692 87
373 340
-19 361
-919 -109
-558 -626
210 501
339 259
558 222
231 -445
-961 106
859 980
525 -355
178 224
-709 27
-681 769
-687 -5
-226 767
-212 945
-849 -437
-889 -938
-468 321
-938 -114
41 -128
41 -94
-90 532
-530 -571
388 -407
494 965
766 -286
-171 -745
-828 390
-886 765
-396 196
-542 -443
153 -549
649 26
-132 848
-490 673
-816 -673
82 -567
-816 -673
791 838
88 432
-420 -240
-89 -845
-503 -970
-475 41
-610 -995
680 804
-466 -216
703 609
-463 -745
-24 384
854 -953
-869 264
888 167
730 -956
-672 -42
242 193
947 -898
177 -6
-127 -684
-495 520
-623 592
629 336
296 -907
811 -737
104 -868
483 -391
454 210
-777 -510
-366 -215
-211 -290
-851 -652
936 -681
379 687
-740 616
112 -399
-927 542
-979 -103
427 535
-936 -817
-317 365
956 -581
-58 342
-896 84
453 -633
411 425
790 689
-738 219
-901 -881
-323 -508
856 -82
708 -658
-676 479
-267 222
-728 634
-120 236
973 408
-666 727
272 -746
753 -302
473 -577
-633 105
996 233
385 603
581 -614
-350 -524
-709 -72
225 -307
-826 -641
950 -40
830 -640
-280 -415
-732 950
-674 832
197 340
-491 -705
-967 -348
776 -99
543 204
-747 -145
394 -422
-350 -873
-271 -80
611 766
-169 -763
-100 -986
-460 -645
68 -568
540 -895
707 -792
893 486
980 -1000
-22 590
463 -632
497 -410
842 -297
-532 -876
-10 -838
793 273
-282 -222
515 774
-709 469
-517 548
-259 -86
-277 -614
-360 967
916 589
-333 511
-72 -976
-691 -861
-38 27
-638 -798
981 240
-267 -533
-128 546
-62 -336
-438 -337
-25 740
616 201
762 949
-320 -940
-28 967
-178 -868
711 -743
-887 850
371 400
973 -419
-507 138
859 111
-322 -786
-747 -299
-366 -333
231 235
-5 958
43 98
-376 135
-260 -39
-972 -407
899 -913
-313 -687
-171 540
705 -910
-281 74
382 718
-844 256
-720 -944
-960 -429
358 -123
641 499
-482 2
925 -332
173 -368
-384 -524
856 322
-555 518
-714 638
-741 561
-860 864
-930 328
-86 811
302 396
-259 -302
-229 -215
-558 -580
740 835
163 -141
713 -405
770 666
28 509
-597 415
510 603
-385 -26
823 834
431 -728
-548 679
162 -40
859 744
-292 -592
-762 -238
381 104
250 -278
-159 324
-659 423
788 -559
496 0
-839 -978
373 32
-140 -294
-951 726
-981 -716
-691 -390
-537 489
749 -286
-81 -319
496 -542
-196 890
452 618
195 -804
-234 326
660 425
875 -626
-413 216
-537 -842
-144 -733
898 428
804 -105
755 179
899 703
815 331
951 -405
390 -908
865 -616
-147 221
246 576
73 168
-501 -685
-283 459
-108 34
-673 855
872 -230
-229 878
544 -56
-503 313
180 773
439 -207
-507 -398
-281 902
-683 391
-837 818
-774 -487
-741 855
535 -279
527 -668
-36 -350
-490 -204
-313 817
566 709
-72 786
191 -432
194 579
38 -678
-806 805
159 939
-529 359
503 -3
211 443
191 -223
-789 995
-355 -821
-859 761
-102 -339
7 -846
902 818
-597 -13
837 -643
852 -279
170 735
-183 837
-975 547
-680 215
775 -83
728 -738
-346 -317
631 579
506 539
-813 -733
-19 266
543 -268
756 -500
-71 -426
-613 -20
173 -672
734 -979
99 -402
-16 -502
-129 859
424 17
838 -510
76 -682
-167 -78
845 -97
118 -47
-255 470
690 325
-336 -478
-768 -620
489 -777
164 499
554 781
791 556
-503 -541
-87 -828
-901 657
-530 265
-766 -455
-473 -747
-773 997
265 -467
534 -131
-395 -957
-976 618
231 706
-22 591
753 -55
781 -833
-42 434
-547 385
-451 -571
-86 -572
846 414
840 398
206 131
762 756
-558 -403
-735 487
-226 -825
101 -224
830 290
45 -556
12 784
480 45
-570 475
839 21
-875 -659
234 505
-435 495
360 31
511 -190
766 -224
-409 824
-632 -290
369 196
88 -465
893 -35
-945 374
623 -183
625 -83
236 -295
118 -802
-56 -292
73 -649
-600 -761
-731 662
-7 175
-731 404
156 845
34 994
-287 -968
247 -509
935 -285
216 -222
737 -162
-824 827
-98 -445
-91 855
922 403
46 -251
-530 666
569 -563
56 -824
-962 874
-429 534
-40 -975
506 343
-571 767
-612 204
736 806
771 642
-703 136
-851 -56
-901 773
-970 -4
558 757
386 -804
191 633
-508 -940
700 937
632 -154
407 829
-316 612
-703 495
-597 175
-257 302
-619 224
314 517
-662 -319
-397 139
821 547
126 -966
976 -734
290 -548
637 679
-393 977
-117 -207
709 -424
-970 570
985 -920
801 -310
-454 824
-312 -867
556 978
148 484
957 -201
921 802
325 -361
228 33
979 325
-538 583
210 -728
701 -545
499 -680
287 141
-137 -878
-57 -679
172 -832
-785 357
-530 709
390 -397
201 -805
-650 936
-841 451
730 -372
-495 -602
-856 -666
-534 569
-499 729
-823 752
878 -36
653 293
-929 -971
332 117
-780 342
-873 -712
670 -948
129 -215
-824 450
871 -607
179 -806
728 531
867 -785
879 434
-590 -894
-768 780
970 -397
515 739
409 -31
-64 648
463 -250
797 217
667 -216
268 300
798 -687
-523 -763
514 -296
-103 -843
-134 632
-394 -636
-93 -757
942 -364
314 904
360 -194
646 779
-416 -309
197 695
427 -717
-167 -898
-987 -548
-990 -277
296 369
-229 -178
291 -460
-473 392
964 566
916 97
458 239
757 -397
285 -177
343 -680
390 915
606 54
-501 -711
-926 -72
265 -360
532 239
490 -619
948 404
-308 714
-985 -530
-516 949
-226 -839
-822 981
-735 898
-923 80
409 413
-864 626
723 -348
-199 742
-27 -678
-967 725
-845 384
-817 -850
-598 -238
-495 -832
-2 -671
402 514
-718 -277
601 -918
480 -825
-342 -768
181 -302
-80 452
-474 481
-481 -525
-583 675
-826 -549
-639 408
-112 962
286 408
-70 -22
895 26
937 779
-570 -434
976 898
-897 -370
-171 617
-790 843
-295 -739
40 690
53 792
-163 875
308 583
551 992
-415 531
-852 -137
-594 -49
601 -472
610 814
-63 -487
615 -90
738 398
49 -200
789 -554
-203 243
-271 733
146 -39
-586 -83
22 478
166 -622
-966 -351
215 628
660 -597
-699 207
649 797
725 254
397 79
-888 143
-943 11
291 -834
492 -840
-102 -396
290 523
-170 550
-134 -853
126 -791
-825 898
-792 -621
-680 -271
-691 -411
609 460
-151 465
529 793
366 114
-168 -498
485 720
968 287
-486 303
950 107
-676 604
117 -636
549 577
634 -388
101 331
-15 -919
-255 -965
-342 -417
152 -948
-919 187
-364 241
-311 -868
-779 642
468 817
433 -198
127 685
92 -331
-519 -414
-856 -339
448 838
-829 291
-226 -257
-235 -278
-597 -257
607 -413
-975 997
-433 487
762 -490
914 -112
675 -860
-130 -200
126 728
114 490
-104 -222
561 -755
406 -158
343 981
-686 313
-193 -158
361 -179
-43 -625
94 -445
-184 479
660 -236
-932 -491
-144 -877
144 -134
-624 -790
867 -635
-480 -221
-738 -139
203 880
-288 -756
-715 65
-721 -776
91 372
164 -37
112 761
-960 733
-825 -146
605 611
-357 -257
-594 601
936 -397
-260 874
-759 -701
347 493
-924 -454
-18 860
996 353
412 -875
-422 214
705 -374
-589 342
-803 385
269 762
-670 931
68 969
-932 823
-751 -403
55 -321
136 -166
-469 295
971 287
454 -624
866 606
-489 17
59 244
527 -187
-627 822
740 -297
-849 -668
-507 176
-856 -353
834 151
987 732
-97 -340
949 993
561 -187
-483 478
287 462
657 533
-620 206
-779 -971
-564 -70
-990 -714
-506 414
-665 -454
-90 -756
-244 -903
-278 -527
427 -915
151 -188
349 -967
344 -210
651 568
60 852
-573 461
78 -951
-90 -967
-482 -533
-581 169
-690 -414
-150 718
-650 -204
789 -210
815 -617
863 591
377 548
114 298
-665 -203
-556 690
335 891
-688 -350
833 522
444 -9
977 438
-883 -749
-842 -894
-919 -439
-928 -952
-384 892
685 735
-927 409
-830 908
324 -929
55 90
-391 -700
-945 7
-113 -103
-658 -725
235 -512
0 856
-575 723
-685 351
-419 843
-38 -693
-739 194
-490 351
-406 -169
76 308
723 -249
-93 868
-608 -356
399 738
206 -382
422 -912
-664 310
-931 -723
-692 -211
-506 -694
-387 -981
54 -903
-911 -163
281 101
768 -6
961 -64
39 253
-570 -498
-669 -418
937 -611
142 117
-798 -651
-959 587
317 -609
631 -914
165 30
-374 -380
-508 818
71 -569
290 892
494 763
692 -149
-858 -168
200 -519
23 827
-615 -416
943 718
508 -283
535 145
823 527
-181 -972
-60 381
75 -145
687 -81
642 949
125 785
-489 -865
-388 -210
570 -782
-216 555
-932 54
708 -941
-694 -670
-262 597
324 252
-529 -434
473 152
301 -965
-805 -786
554 -71
339 -994
347 469
-124 -36
139 651
-725 700
461 -957
-598 715
-540 -246
230 -513
852 779
159 -791
-861 36
-892 -616
-108 668
570 -314
-943 12
-229 660
-3 826
-640 -961
294 -942
-732 922
612 679
-647 522
-746 554
-605 306
-22 913
47 176
290 262
918 812
-138 459
89 559
-815 519
-203 -772
203 992
-733 -817
876 -849
-902 31
530 -606
-630 550
808 660
145 584
-407 420
-986 -275
-394 -514
757 718
114 467
-236 604
917 609
-849 413
404 -745
432 54
-656 -258
951 452
373 -935
645 951
403 131
-261 -64
-426 587
-734 549
-226 128
-930 -435
-332 118
-956 91
68 -805
272 855
-965 481
855 109
-166 562
-459 -757
-548 -686
-782 -469
756 261
969 -151
-777 802
539 373
-913 537
173 211
106 627
26 757
525 -88
481 -361
601 515
-10 -601
597 824
-564 732
502 -923
-561 -132
337 573
505 747
-352 435
844 -373
897 -592
-227 839
301 891
-680 -151
-357 -64
-812 -179
-805 91
538 -317
-403 -897
-974 151
834 629
551 774
-449 -697
-304 863
738 389
-310 143
-389 653
525 262
85 -869
-993 755
410 -623
31 -853
-279 -414
-209 -385
-207 809
411 -931
165 191
-176 582
-962 507
233 210
-807 -331
-283 972
557 710
193 829
741 968
-867 111
51 -962
-652 -907
-743 -867
293 -109
462 401
-775 936
-113 -809
-963 943
-748 -174
-493 -436
86 140
-960 -4
91 -374
-682 982
-856 751
-401 482
698 -192
280 -626
175 875
262 691
672 -391
-54 -500
-354 673
402 84
-621 583
185 364
223 -692
642 -81
470 -746
851 802
646 102
-242 650
-167 470
-716 14
193 -936
-516 -966
-381 264
-860 159
743 -669
846 -968
898 -960
44 775
475 436
887 -490
568 112
66 -933
-276 -885
899 189
619 55
-622 315
214 -860
748 -483
-838 -752
101 426
-555 947
613 806
625 -772
-473 -188
609 233
799 -599
61 -8
-523 276
-755 -145
-406 856
-370 -290
-243 639
-619 914
744 238
154 -835
475 -589
-372 761
965 213
-645 461
300 -919
88 22
-326 426
-612 -891
-970 -139
-732 755
-91 356
230 173
997 -818
561 356
-738 202
211 351
-504 588
-494 222
-987 520
-921 481
3 -365
-278 697
168 355
574 -332
-763 756
952 334
959 -339
838 202
-35 -160
-981 -165
-484 257
330 -811
471 740
-869 -714
764 -828
-763 975
-572 -31
-707 -303
82 -560
420 -293
590 682
767 485
-451 890
991 -741
495 -845
-279 -386
-477 -354
-947 -312
543 589
54 489
644 230
708 -208
841 -371
-863 503
187 -779
-485 -761
-234 291
527 -469
122 -495
558 156
108 7
-114 -996
665 -186
-417 -718
832 245
-300 -349
-702 407
61 935
645 566
418 931
294 299
-454 -757
-278 952
714 807
536 203
-165 -447
941 803
-542 130
868 -32
-262 62
2 -451
-124 -805
155 -476
-590 -650
-450 581
547 797
-936 -806
70 428
467 742
-257 840
-179 -44
101 -220
161 -495
117 -350
744 -848
750 -248
554 997
-38 -556
-790 -899
-425 -816
-475 981
63 -779
163 564
-183 -885
965 -344
-595 -457
646 -489
-944 792
-948 511
824 92
-164 -285
782 353
651 -905
-973 891
-97 -90
357 77
-704 863
481 560
-501 781
316 -652
624 287
-711 -246
-614 -556
873 894
-540 -474
-305 -543
-69 -508
567 174
604 764
-65 -566
-963 -96
401 -959
253 962
758 -859
-558 -765
-386 64
-415 -896
733 -466
-286 -894
650 285
-498 -261
-984 301
-492 -720
163 -325
-761 729
-494 -74
235 -565
385 686
544 -333
976 933
-654 -985
81 -232
659 -324
-148 -776
326 838
-693 -881
760 188
-171 -943
-353 -86
-542 359
-438 -968
806 -987
-416 -603
680 -510
273 802
895 -762
880 343
398 167
213 305
178 -932
38 -568
346 934
593 654
300 343
-126 305
703 -523
-193 311
679 374
749 90
-968 585
-5 190
431 949
-931 -724
176 67
-700 229
-171 912
-260 -936
-883 570
745 -98
-20 -224
-995 -528
-434 168
930 -67
-828 906
-882 -520
-129 29
-571 811
119 -853
769 -826
908 -181
-340 -827
-620 939
342 119
-530 -92
-73 887
-779 746
375 728
454 575
977 -400
-343 -876
-929 538
-598 -926
696 -504
579 -383
781 -736
930 294
-588 -728
974 402
-341 476
171 653
647 -930
-691 466
-654 -668
-838 150
-776 872
-145 -17
134 -420
812 -958
-855 -541
-79 -400
157 233
945 798
-482 467
-86 -212
-256 681
-13 -966
241 -36
-586 737
-233 -324
-115 755
779 -178
578 -237
582 801
-622 -918
628 128
794 979
170 447
386 514
-631 226
977 -934
-288 -549
728 -958
16 -411
-310 -711
-849 689
-521 710
-222 637
-304 579
-210 932
324 977
-194 473
853 -586
763 855
265 -24
-358 -680
742 211
-356 88
898 -1
-92 -394
-661 121
-85 -747
425 -37
346 763
-998 213
-950 236
-576 -799
-490 -930
466 607
-805 734
-939 -794
-559 -704
-651 -369
835 -625
536 673
-200 303
501 41
-843 80
-658 -80
-964 593
672 -915
-154 155
-343 220
468 -257
29 -409
442 622
-290 -543
899 -533
27 657
-165 245
-59 -803
447 -304
-561 813
-938 373
576 -163
-522 345
546 -914
-826 -955
377 855
-671 -305
-835 -275
-52 -438
-881 -995
-384 -590
3 -681
-230 -711
920 -839
685 -486
-795 669
-277 -339
-410 42
943 857
-407 -345
-565 841
792 -432
180 218
-21 -797
-594 -57
-861 743
540 362
683 648
-603 -22
-206 969
665 872
55 -160
967 123
-110 678
-136 522
237 -210
401 502
-884 127
-819 -956
366 155
-704 455
270 -522
420 540
655 589
-139 437
-537 -496
859 622
-832 123
603 -362
414 785
-955 -738
85 -233
379 729
-307 542
620 -692
-424 -515
149 -318
-780 928
-295 46
-69 -117
-833 -413
568 -74
-435 816
925 -673
630 154
76 -328
55 -46
-568 626
-552 751
-86 172
529 -763
513 -252
456 -896
-853 -402
875 334
-520 -52
-821 -506
-953 994
5 929
910 -104
969 -344
-596 536
-562 -593
891 729
-279 -579
197 117
273 -463
-463 558
-424 -41
-887 -111
-965 -326
-109 58
-652 -115
739 371
-987 -31
-394 459
-853 -329
927 -371
0 -763
58 -449
512 363
-412 884
-160 219
-563 469
-190 191
554 9
-250 404
-531 296
-301 -742
333 -771
955 -749
714 950
-137 -390
-754 -76
-86 -861
1 529
747 214
798 702
-774 -948
624 483
-519 453
-609 -267
785 168
755 -545
-422 141
454 274
496 817
-200 -608
-208 -84
383 -362
-930 707
427 -678
625 -800
868 -22
422 201
-767 417
65 -996
-623 62
-806 628
-851 534
-833 121
113 -614
315 253
140 456
-237 -894
-256 -187
-836 -678
818 -887
-779 -805
-151 530
668 439
-784 271
336 94
-64 915
-548 57
385 856
501 717
503 116
-828 -76
807 536
-109 743
-980 698
-229 -754
-433 88
-428 -285
550 542
203 604
424 368
-449 -298
891 -345
505 192
660 218
-599 120
-293 -300
-817 -829
-524 616
182 897
116 921
387 -553
-962 -763
-73 -518
265 -978
52 -768
329 -348
926 679
-271 476
-566 640
-966 808
120 -410
-515 976
-166 951
218 -135
-194 -752
-560 498
-556 -259
-927 964
272 -545
-300 949
-764 -699
-26 -763
-912 893
212 665
483 -467
-148 -76
-321 -482
997 616
339 456
537 214
445 -615
-302 818
-199 153
567 235
80 -819
506 556
-78 361
-858 618
-92 -640
-976 -497
476 227
633 -385
-677 610
-172 -498
703 -813
-353 -371
-594 -19
953 -877
-36 430
-727 -733
-439 -645
-161 1000
405 -852
-888 165
-335 188
-296 -506
-877 -366
165 -24
501 -138
-651 979
-692 732
-358 -408
-252 942
719 -921
321 -732
-433 907
-921 -222
808 -442
629 489
-654 241
-348 553
-171 -711
-916 -661
364 -586
74 917
-753 655
314 -742
551 -524
-659 -912
-555 -187
-499 -684
-243 -837
-424 74
617 -276
306 350
655 589
4 531
169 742
-25 -706
695 347
-63 -729
718 -306
823 560
374 -891
-14 -368
-951 527
174 -735
961 527
-207 450
633 169
-415 -699
-15 17
516 778
-390 -697
41 310
-316 -36
-750 626
-973 997
-718 -195
182 -644
452 -374
42 -780
-918 133
123 -585
-690 -324
460 987
707 -774
52 -9
904 871
-115 148
164 -171
-561 -572
282 -957
-416 673
-13 798
-310 549
730 -917
-738 -462
962 -1
-537 -409
650 -547
-448 889
-46 817
-131 790
614 739
545 205
-397 321
-893 -752
703 -514
355 -79
-458 -898
806 -190
-449 -136
725 248
418 945
994 889
-517 215
-640 602
-332 -74
-365 -562
675 -944
-123 -110
401 827
199 992
-991 973
506 282
-653 -69
74 744
390 -48
-37 883
-873 -389
-940 837
-145 633
575 481
711 407
381 -155
108 727
-800 849
284 -958
-862 204
-456 994
634 873
830 -899
-71 955
456 -511
359 -871
282 -804
-932 -604
-199 330
78 986
454 -529
16 -493
-576 -927
499 558
53 -888
-957 -806
-634 -422
509 -995
643 775
-205 281
-755 474
391 -763
391 472
-294 710
743 -930
11 -802
63 790
-129 669
-524 864
-546 -885
-520 -635
-198 -727
-810 288
651 49
-10 -77
-915 357
174 -920
805 -578
-842 -712
-939 262
-630 -802
164 -906
-272 -151
-617 -568
830 31
519 751
-651 -6
185 -423
861 -804
-871 66
-224 865
-683 -203
551 150
-682 -351
-171 908
-969 -257
-709 564
598 -632
-12 -437
561 491
-672 51
-265 -856
419 -386
775 -362
295 -242
280 -568
301 448
214 684
478 -28
88 0
-603 922
51 -571
-784 -900
907 -506
-517 -558
-379 250
-241 349
67 431
275 -894
-437 789
-42 33
789 -444
-420 -858
-440 -794
-883 511
714 556
-811 -249
-703 764
602 -746
654 -142
-333 -995
255 219
217 879
-10 579
-430 -475
748 -840
-791 775
300 -775
-932 -764
-464 51
-627 -956
-538 -237
-895 -673
-385 -223
-647 -758
675 -710
-401 49
794 1000
-868 53
676 -53
-608 -740
-516 704
811 142
-197 714
-195 -340
-90 -672
846 -281
118 -173
-816 -139
-35 -610
757 746
855 529
-889 -483
-54 385
-530 757
-822 -359
-112 951
239 12
-6 870
-599 507
-84 -85
836 -732
-854 -865
-846 -993
793 -26
343 186
-246 755
-113 -170
988 -603
-259 -940
841 -798
540 493
-64 822
861 282
17 933
198 467
-333 190
-682 -14
933 -629
8 -267
57 -844
308 -966
-417 445
545 -417
-430 -802
728 195
78 877
896 -946
-478 -51
-813 787
-228 -117
855 -928
-848 -752
791 -953
955 463
142 -974
-525 -533
-441 140
900 -66
-338 291
-980 874
249 99
418 -117
-503 -874
76 784
183 347
484 -245
-183 -227
-942 -833
-469 558
57 353
741 572
-831 938
-333 -486
-733 499
-361 -530
-170 -537
-539 447
303 915
724 -823
72 306
682 -726
874 -153
436 364
-3 326
57 161
570 172
4 -814
-310 -486
-271 -88
-577 -367
-919 -161
-623 -25
600 799
-487 271
-344 668
-613 -287
-248 651
630 315
445 -233
-574 634
-692 161
-446 -518
307 900
255 786
907 -474
745 997
-341 23
271 801
-632 504
266 499
-612 392
452 -616
189 904
633 -766
424 -550
652 493
6 455
626 -956
561 972
-338 454
784 -699
-737 451
284 -767
-157 856
462 525
-348 8
612 427
782 -215
-759 836
715 841
-569 324
-915 -780
282 -455
775 -30
882 793
934 -946
-545 107
323 267
-96 -420
580 964
-348 -375
-101 796
-728 -408
68 -308
-326 225
-514 -221
-707 531
-669 666
50 -262
-358 215
418 193
-924 -801
-746 133
-893 -858
802 989
-931 345
388 64
-145 -661
-570 584
-427 -733
-422 -513
466 -456
198 -78
323 566
507 -803
23 955
-587 810
-496 823
-895 780
-442 73
308 -347
-301 -370
383 -504
-58 855
838 -102
-458 265
-450 112
-817 263
-927 -632
-914 660
-292 -537
-307 -644
-962 -636
-24 -862
-345 657
-856 396
-514 -990
-279 -26
285 -549
-126 -450
57 143
-904 -380
933 -323
-992 -675
872 273
390 733
882 -388
-226 732
-975 -108
300 361
-949 382
83 358
700 -332
-392 212
313 -105
729 395
577 971
-877 825
-170 267
93 345
-291 -251
-188 -223
954 298
142 305
-554 591
-168 -928
-397 476
232 349
328 -542
-243 -661
918 221
-185 736
-36 -740
-615 -794
-521 -128
-715 50
-681 -421
-276 -681
-8 -600
-327 -14
475 -290
-122 -543
353 439
-825 909
-251 987
-510 453
870 -87
-684 -648
-652 685
504 -84
-781 -266
177 179
209 469
719 738
431 922
-595 540
-844 327
354 -455
158 670
145 494
465 425
81 115
321 400
-341 -4
-998 416
-725 -538
588 -644
538 -104
188 516
-22 479
723 -868
858 504
-847 835
-490 172
-624 -519
699 -852
713 467
548 -74
193 901
378 39
-435 -744
-906 -552
-638 516
-875 -328
-322 574
985 813
570 753
-315 -864
962 -272
237 -388
34 501
439 866
-633 -41
-403 -125
-668 790
633 105
973 -906
275 -163
815 -830
830 -936
235 -342
923 -741
-640 -353
329 -224
-703 824
-298 -819
757 606
-100 -959
243 -603
332 -278
457 580
191 -452
969 -419
188 210
-800 -794
-861 14
-130 -207
210 -813
462 -409
-288 715
-328 -637
82 -622
885 654
879 822
207 -694
531 555
-957 426
825 582
885 -692
-118 -384
-717 -1000
522 -325
-301 984
202 -732
632 581
-750 312
-69 -996
-801 707
-478 -30
-122 882
-571 -903
762 -890
166 708
889 -73
-28 112
431 -402
-789 685
626 574
213 197
-27 -487
-7 -641
592 541
372 -320
-77 -835
119 -688
83 -234
225 -741
205 17
-368 50
-559 793
-468 -947
-372 97
572 963
961 143
-56 79
433 -275
-207 -839
237 348
553 196
755 52
115 918
-353 -244
510 -446
859 -336
785 -845
-608 347
-795 838
-204 949
-959 -48
-61 -622
-154 38
642 883
-15 -235
329 -928
-887 967
622 -652
293 -360
-811 -934
15 -198
-317 994
415 -274
235 587
-826 -222
-847 476
104 157
900 -414
587 209
-98 789
378 903
98 -732
-31 826
728 -876
-756 -640
-918 962
991 -553
323 -265
941 -539
-82 297
774 -32
-89 -107
-760 140
104 467
-127 987
623 -233
-474 -530
634 -679
16 776
353 -325
-347 554
-244 -146
36 -480
789 -480
651 -241
252 848
881 -305
-330 523
513 -509
434 216
721 362
-718 922
-694 37
-863 908
-976 -560
587 546
-603 291
606 355
-429 948
925 572
-835 681
-624 876
920 -195
964 -795
-4 105
-687 38
-916 -758
-837 550
448 -547
723 -423
746 762
-184 576
-775 263
-531 629
-699 929
886 702
892 269
680 -239
986 196
-41 297
-556 -661
272 -539
243 -399
-873 -806
-391 547
-155 -244
361 -900
-456 567
-829 -806
52 21
-860 -38
-930 -649
-609 -101
-341 455
-365 -865
814 371
180 -890
-866 857
-767 -415
943 -757
-235 -610
344 -943
780 -580
-685 -467
-551 -410
419 -666
-89 -373
419 715
949 -561
-25 -192
-439 693
542 933
-935 -389
-827 764
731 439
-331 -68
-638 867
433 -455
984 -48
-193 -736
-539 68
-963 263
390 424
-827 -21
-862 -64
352 -591
411 155
410 -849
-831 -30
315 -699
-234 678
861 797
-739 21
-589 -206
753 -808
-593 218
45 737
-932 799
197 919
509 -949
718 291
985 813
-594 864
26 74
-334 979
-674 -797
208 -442
140 -542
489 600
840 -689
101 -462
398 654
133 -347
422 -615
403 288
170 550
521 394
-147 -422
274 730
-390 5
-338 -814
7 541
-117 978
-843 -202
-323 -117
274 -790
-922 -277
422 135
-671 -578
-163 -881
269 -680
-853 -602
-390 375
843 811
178 567
457 557
-902 -884
772 655
-574 892
162 955
-501 280
-687 -341
-61 663
250 -362
-357 -843
-906 -542
-211 289
-603 -197
-890 692
171 729
-729 847
-588 -926
575 230
408 -872
-618 -836
855 514
38 775
-147 -380
-760 -364
-6 404
887 317
-581 -593
-150 917
870 -73
219 360
-124 -438
798 -78
-329 -420
-732 -870
673 -761
-346 -603
698 -631
-91 624
-529 -58
799 -689
-495 -475
-151 -887
-242 430
979 692
898 895
764 -992
-178 759
116 215
477 -907
65 -854
-828 81
45 214
943 517
516 84
-72 10
365 -912
-745 658
-723 -370
-365 -592
730 787
415 -505
867 -466
63 -560
-679 -1
286 161
347 214
-550 92
-159 -210
-759 667
-422 666
303 -897
675 -526
-948 -443
-842 652
310 -648
-359 -167
-138 -721
578 838
901 -179
-326 -415
217 -225
351 -331
-594 -513
48 -44
-868 345
-406 -448
830 882
-465 57
997 124
659 826
-54 -219
-843 510
690 -724
-460 -374
507 -338
-802 -229
525 101
192 -791
284 -546
-72 178
-209 7
-872 682
530 -898
661 -263
288 895
-764 881
-446 966
396 718
535 525
135 504
-644 872
-477 348
-647 -86
55 -497
86 -82
277 843
488 -850
-726 -308
764 -329
98 -206
755 -474
-155 326
-324 115
394 730
-961 -72
790 -857
672 -739
163 25
231 724
-990 361
-684 -183
-220 366
346 435
15 -420
949 -191
-811 750
749 -982
406 296
-472 556
169 -700
842 348
470 -409
-719 -157
160 -446
-719 -486
103 -278
-515 236
200 292
446 829
882 -125
598 -338
-774 246
132 793
791 547
626 -993
632 -102
-545 219
150 -229
-415 -230
-32 -891
7 517
-524 -667
739 261
-894 -39
384 -76
-157 975
509 -292
-739 -753
-58 461
410 720
-514 565
116 -720
802 394
640 1000
100 6
990 -688
-796 -916
598 734
915 -371
-737 -499
387 -82
972 -992
-613 -959
-886 -918
-430 -367
-740 -21
445 544
378 198
14 75
-451 -869
-344 -532
939 -936
-775 -737
-338 -858
664 -43
755 627
495 -653
63 -13
-11 762
-8 18
557 -449
-259 937
-595 821
-656 -354
283 221
-616 -419
485 -162
-19 -99
219 895
669 718
-286 -790
-37 -6
599 200
161 160
652 -610
-875 -817
531 102
846 800
674 228
-580 -789
934 -446
546 175
-150 406
-807 541
473 413
-559 -882
-660 -937
806 -716
-323 -609
611 -285
176 215
-417 309
707 288
-963 -217
-18 -325
-19 -341
-852 412
756 868
387 150
-393 -299
-879 -951
-490 221
755 -687
3 -271
596 -927
-139 -72
36 -754
954 -388
-371 977
-45 -904
-975 -566
308 -154
50 304
-815 -467
-272 -841
-678 -761
611 -356
-589 -13
-314 410
105 71
186 892
155 892
325 896
-512 -821
-618 54
234 -571
87 253
363 -862
538 -956
-815 461
-304 -938
-877 -775
546 730
-377 -958
-629 -714
310 432
-210 947
251 -488
-377 -803
59 -326
661 101
173 -759
430 -417
822 274
477 -184
-859 -853
654 -740
473 -97
-478 -501
539 212
455 -339
-861 603
387 -36
924 -976
445 -95
547 376
-340 -686
615 -607
-654 528
-319 43
989 267
528 212
-18 76
-7 -564
398 823
484 -91
-608 100
651 -136
-26 -140
-535 -882
-932 854
-271 -630
306 -483
-890 -204
270 -532
-243 192
323 478
-241 422
-278 -685
-345 -172
-684 516
754 -46
647 -383
434 -145
-784 167
-422 -245
-990 -107
309 -210
-836 -281
-57 -520
-613 773
103 -705
-721 622
466 585
-21 895
108 651
577 -645
-612 94
267 -409
-907 257
-945 -521
776 -709
-774 -980
691 -608
-475 983
680 -563
823 -569
158 438
144 95
499 -480
-9 -4
-906 -659
-143 509
3 198
-91 -929
553 485
-637 87
455 121
-10 -886
-839 894
-854 160
254 719
-620 454
-587 -64
292 67
-598 568
787 -538
874 -569
685 -655
436 -405
908 334
-503 -833
196 232
-383 -156
-349 -512
571 -699
-505 180
649 -276
-681 -352
-626 12
180 429
-937 -66
555 -629
-155 646
610 -242
-878 881
285 -537
934 -957
-981 847
367 39
769 28
-412 -540
369 83
-61 466
-824 761
452 -836
151 -175
294 615
833 -430
-504 975
490 -945
206 234
-611 -367
358 628
-744 -459
-715 -555
997 374
-65 -974
-147 146
266 -460
291 627
541 -275
240 911
263 651
-963 275
-692 750
759 196
-644 -495
442 696
-572 -944
-107 -106
36 932
710 -262
572 -850
930 -435
-692 522
-29 -939
378 853
-524 -480
-390 713
-85 492
-781 -304
-778 -44
918 781
-848 -426
22 818
-531 -638
337 -781
542 75
497 -989
717 -144
245 460
695 905
947 535
-905 583
186 895
103 756
861 -241
-154 158
921 -510
956 222
781 83
-331 -430
978 795
-739 -101
-45 -425
-832 -499
-182 -230
-971 -393
-897 922
40 -669
-691 -191
448 -163
-666 -247
652 264
-536 -517
29 -736
-803 962
-891 17
-244 107
-835 509
-549 -824
208 -732
348 -392
518 125
949 -290
356 -86
-665 751
523 -247
700 -588
-435 -701
107 529
-968 1000
377 214
188 -483
-760 217
315 -521
-988 -810
-461 802
-255 -787
-633 -48
-837 223
520 27
-264 -443
-650 -147
133 -950
-812 -935
-332 -870
-195 -356
617 396
-770 702
-658 -489
383 769
502 -524
-851 -708
408 867
726 -760
94 -158
-384 415
616 593
315 -588
591 -20
454 -478
855 -187
-498 835
-78 -392
-919 -214
853 247
514 -504
280 264
-59 -379
586 944
-622 526
-28 558
-638 -640
335 -793
401 801
-783 837
-897 136
-301 -42
956 360
968 -474
-785 -536
-584 -672
-593 661
-836 209
-353 677
303 -474
235 -635
334 -573
-372 406
-986 427
149 392
397 -754
124 785
913 322
542 -240
64 395
482 -371
85 115
-346 -844
-346 -846
592 340
801 -638
114 -2
-55 741
458 -326
-683 -451
360 733
-615 477
-156 -926
946 888
697 -918
-813 610
975 -244
850 376
-385 141
430 93
956 198
-660 896
823 -378
-162 906
292 426
-248 -35
-870 109
-96 133
-63 776
-353 -781
-3 536
478 -109
661 -885
-320 634
-444 -171
582 -579
-920 -203
-236 -215
-453 705
-848 -349
-794 -422
311 -34
579 123
-488 -16
664 875
85 949
138 398
951 417
996 -791
-126 -514
747 835
-883 -417
-730 963
-181 -801
23 499
-669 250
-261 -815
-482 534
907 415
683 -841
-312 340
