8084
-779 474
880 -75
336 979
810 -412
-859 598
127 -329
957 -216
39 -896
-626 383
-492 946
-479 639
64 837
-212 -450
577 706
198 939
702 956
-879 260
732 480
692 -840
596 -679
-148 271
610 -112
-513 -769
281 935
-130 203
628 156
-301 89
884 579
-680 121
-314 -608
-148 660
523 -507
-940 791
142 109
264 223
-591 -33
-803 -156
950 -166
-503 635
-263 -643
-284 -437
-94 132
22 -963
-925 261
-120 -937
-796 666
518 -417
84 5
-404 -826
176 472
921 -285
-372 771
-9 906
-602 -333
930 -961
-684 313
18 -545
470 -107
97 -348
703 -648
-498 639
227 -481
-359 -465
361 -126
693 -800
-466 -9
537 -733
-671 -751
785 609
-968 -883
277 -765
431 -869
-57 -663
455 273
563 -898
-933 107
-849 254
580 47
849 804
21 -120
-598 -135
262 599
-170 -127
441 477
-159 -911
843 -798
638 999
-123 -125
587 -560
-893 854
-816 -216
117 178
-112 806
-821 -50
736 631
-757 -241
-661 -446
-357 936
-558 -314
881 -595
-151 635
106 308
277 848
-930 -995
785 552
32 -391
517 -337
352 732
219 642
-564 -865
521 -358
-931 -898
-29 605
508 -174
830 -547
-714 809
-13 160
788 -675
-824 969
-799 -492
-93 -537
-550 433
959 -854
-114 -677
-278 -595
4 937
-176 18
-680 -512
-589 776
189 -597
860 136
503 567
-58 474
293 634
-713 503
922 792
-21 665
-150 544
-536 26
661 -853
-925 566
-885 608
-736 532
542 -883
-501 -971
-778 452
-465 28
469 182
-867 -483
786 431
-29 75
-403 265
-19 -600
-737 510
-465 -703
798 -889
297 -553
-1 877
-108 -48
281 -707
-182 518
549 936
682 334
537 -348
940 766
107 -51
-537 631
-994 -259
-102 -839
-409 -666
978 -232
-324 236
-294 -152
-296 350
77 -549
-425 -169
-524 826
238 -49
-553 -711
370 -234
-155 -227
989 -181
-249 927
-181 -212
735 -750
-119 -18
287 158
-114 902
-630 640
787 385
443 -346
-259 -283
218 -304
-225 -808
535 -445
-249 968
-80 -520
-628 697
-467 125
-502 -567
-997 833
380 -446
-441 -222
-261 -25
-510 -52
-478 -918
239 235
999 759
510 315
250 -93
-439 -808
67 699
-781 698
990 -175
559 -637
-208 -643
-328 -959
295 182
138 58
580 -740
-488 70
-763 305
468 -168
-687 -167
510 68
684 442
28 -345
-796 137
606 148
247 -888
-959 -508
-195 -146
115 349
-559 -623
-181 -557
905 382
-733 -307
-667 -533
400 470
-529 -920
444 634
853 -254
-795 789
-988 -704
753 -82
-254 447
-1000 -925
459 894
-608 -467
67 -711
-534 992
-659 545
357 57
-600 948
-208 -693
-744 155
484 -479
428 49
-836 -413
167 327
-412 330
-620 410
-842 131
-408 -837
869 -482
561 -653
534 434
277 936
948 -924
737 790
101 818
560 232
752 534
713 400
906 -721
-311 -90
-736 -486
694 791
-178 -925
-941 -142
-797 -693
-697 235
383 368
-975 -184
-1 678
804 745
752 341
-953 -669
17 -491
218 -29
161 880
966 -65
330 -730
-890 -556
902 -987
-273 -300
16 605
-216 -229
-410 678
719 -477
-528 71
603 -516
-163 441
-681 135
-149 -582
102 258
828 -202
937 -728
-737 577
844 434
493 598
404 180
496 637
-246 429
369 -693
790 51
508 -962
676 -40
177 843
-489 -344
186 339
-844 -721
290 -275
485 255
40 -623
-324 -801
367 748
-1000 664
407 -124
-899 889
-591 -73
703 -601
-463 604
814 465
-381 -427
578 439
526 -410
632 126
-877 -414
423 -735
-988 -915
-406 21
-566 173
-720 800
-200 241
677 -985
-672 -529
346 -96
-839 522
-912 -262
-492 151
-166 -886
178 -348
848 -264
405 -845
235 297
-205 211
329 747
-678 870
-798 22
674 -310
621 820
-496 49
749 584
603 -335
-67 -657
673 -598
100 -737
-170 -565
626 -880
-54 -929
-829 935
-536 252
205 501
720 746
943 -591
-53 -470
-737 -188
351 -558
-662 765
-653 590
-27 -827
521 627
-603 512
-896 -502
-678 357
153 355
119 -292
-586 831
-911 -144
495 490
-80 589
570 574
593 115
725 842
-140 920
-746 -869
-215 -307
-158 -719
117 734
108 -1
-881 456
212 -228
904 -67
-994 864
-767 -960
442 209
303 -51
861 -336
387 51
581 -639
-536 -816
-882 978
101 -781
-257 688
577 317
863 -769
131 431
724 693
-499 -96
586 450
-994 -519
-19 656
-81 882
817 -269
584 -386
-649 20
-846 12
12 220
-600 469
260 -27
83 -548
645 -573
-847 -656
483 -167
723 -118
-133 -756
-718 -966
-964 -686
-138 -301
-660 -452
-842 -320
-185 -513
533 -11
-227 -732
694 -463
587 860
-753 694
-898 -29
468 -855
265 -15
-996 -93
-737 350
177 -909
769 236
-371 386
-915 -67
-815 -653
-267 130
473 424
999 -75
9 59
234 -46
799 308
605 -762
-573 -243
-945 -892
111 531
-655 -39
867 299
105 -164
382 -116
-877 -574
201 515
-227 495
594 480
988 523
-925 218
630 532
-304 -1
318 107
-888 -767
-615 -892
517 193
-617 -428
532 -689
-743 970
129 404
-594 347
-959 -13
-16 510
620 -920
-204 -527
368 -534
-234 937
983 934
219 781
958 341
-503 -131
397 930
-875 360
593 -351
-588 -542
-462 -639
817 -527
-945 -146
-563 -799
557 -565
-600 17
-173 558
252 -993
-801 -456
408 -464
-357 238
627 3
347 85
1000 939
-10 -474
-488 -418
825 -849
-882 816
833 -65
-260 -101
-617 -742
-89 -508
901 -789
-103 336
-628 -311
234 477
-107 346
791 -910
-860 -988
555 267
-42 -49
777 77
-366 -646
-563 -997
-963 -3
-747 -645
681 -67
580 -836
-358 -136
5 -26
507 -286
845 -980
-695 -437
355 -747
972 325
698 -637
390 -985
-962 -946
-561 -430
-276 357
431 -820
-332 317
-698 -734
118 -547
-7 -86
-459 331
-59 -508
818 455
426 -873
150 713
-21 659
665 -252
-254 -915
946 -210
864 959
210 248
-987 -544
961 185
-901 538
937 57
-662 817
-149 -835
635 -551
-941 189
147 -343
-9 -454
-309 -695
-568 -911
-290 296
-182 877
26 844
-202 63
-547 677
-892 -252
14 656
-641 345
980 -252
216 -62
426 926
-48 616
921 -452
-377 46
675 -259
343 709
-28 -858
367 -960
259 29
-264 671
-439 345
-653 -110
763 -569
-414 -412
374 -629
-537 601
-695 -271
-197 738
809 921
813 542
882 -338
711 455
-163 -788
752 -52
862 280
897 831
853 506
872 -402
-902 912
306 316
695 885
-811 -460
875 -227
314 593
-410 19
-570 -806
-115 -727
-265 -560
-404 952
-780 -670
179 381
-934 406
-784 168
-432 -78
-374 -538
-19 -265
426 -452
-55 -376
-414 -407
294 482
-85 -222
696 751
796 -758
-583 -287
300 114
-810 -813
-698 -665
-906 376
-158 415
-93 645
695 -772
-719 -175
-582 -634
604 601
697 -64
-798 -731
886 -940
-981 644
942 355
-8 860
451 -1
-240 683
-305 -776
447 721
-643 875
-212 -166
-136 271
62 -396
686 306
992 -458
-853 587
-6 -473
-780 -407
261 -363
-116 907
-267 116
962 -471
-904 654
-644 -841
834 -846
919 -36
252 -169
386 368
-552 -907
-727 609
300 -474
-754 -84
816 151
768 -654
992 332
-975 -662
661 -239
-688 -592
-582 -710
-730 -484
150 143
311 375
917 539
422 -212
114 -39
-730 -225
258 82
308 -892
-124 -10
-299 -755
958 -560
845 -93
-639 767
356 302
-202 -966
-781 472
802 551
-733 -190
471 -39
-632 -779
771 -688
539 144
-676 314
378 -703
-682 -558
-604 747
652 554
20 157
84 -859
336 341
-681 -535
-801 -188
-466 235
826 790
861 357
908 612
566 -416
-323 51
519 -659
923 -797
-939 76
20 -290
-873 -81
-729 -492
-475 937
42 114
-729 -802
513 815
882 -857
798 69
-562 38
180 979
-102 -994
102 867
-617 -899
-363 -920
-628 -631
323 -305
-350 -760
606 -236
190 418
571 779
390 276
18 -685
-240 -73
-402 -264
-432 536
-477 247
-439 632
628 -969
950 -289
-308 -340
-109 -190
-496 -849
42 512
-405 -927
-438 157
993 556
841 -247
-660 141
-15 403
620 610
282 -607
-828 157
493 -881
915 666
-807 986
92 -957
615 663
-54 -949
-80 131
-178 -335
-966 -749
924 -192
-259 -638
177 -57
353 -435
-243 -182
588 115
477 778
-183 807
-893 -877
833 430
259 639
123 572
557 -63
-310 73
229 -560
-44 -192
-603 255
621 -278
287 -947
505 467
350 96
-152 880
557 -429
-385 637
-141 -166
-487 626
921 -712
916 -457
-921 414
-774 557
39 752
11 464
968 -721
-319 249
-432 -91
-481 -792
464 -475
-96 137
153 -220
601 -108
185 -170
-256 713
-456 713
-274 52
-307 662
-742 479
107 611
-405 -84
337 288
-352 1
-82 -295
313 -54
-729 117
51 -376
-285 595
9 -210
361 708
-427 982
-71 -345
-854 -540
327 898
-485 632
-229 -441
-308 27
481 -127
594 540
541 -334
-511 -36
-1 125
-550 -838
53 -702
-943 -777
-820 364
-797 158
364 -633
-409 310
-774 -987
482 387
-367 980
503 485
-694 140
-769 -183
-298 699
-870 373
136 994
-357 772
181 921
637 -262
243 469
933 -723
786 838
488 880
587 -436
-347 965
-296 949
864 531
448 695
-858 149
274 202
382 -327
720 -571
991 -434
148 411
-421 106
854 350
340 -106
-605 697
184 -853
305 819
818 310
104 575
-824 72
-744 -521
937 898
-993 -545
787 -590
-268 -74
-248 371
228 -798
286 -966
-597 833
-215 362
-826 -596
559 -527
-314 846
-291 -469
46 99
-763 -279
-20 342
216 393
736 135
-409 144
-361 322
594 -249
-954 435
160 904
409 562
473 146
-396 637
-847 953
950 -464
649 996
-423 493
-770 215
789 -57
623 980
-923 -496
-128 -291
484 79
115 297
982 808
-329 585
969 -967
943 509
482 120
946 -962
212 -173
-521 -349
-984 -767
-444 154
841 -907
-655 -749
-701 -870
-739 57
-810 -787
-73 761
-663 688
-628 -104
-466 36
21 192
-116 393
478 696
756 98
-583 381
238 -580
-853 -34
429 792
640 290
294 -882
-200 444
90 576
456 -236
-614 734
-558 -69
711 616
-653 -881
-782 855
377 362
47 835
887 -148
-222 842
247 739
-269 -79
-11 -966
-453 653
-458 -615
-835 676
-212 -589
-243 -61
-341 523
728 333
-62 -539
-112 -961
-423 -37
521 -571
83 -223
151 -8
956 588
-512 -35
911 834
223 220
-490 -694
210 423
-783 991
-161 514
832 -44
-386 -839
-119 585
478 -770
878 626
647 -323
338 69
291 736
-392 126
-676 -334
-211 37
860 53
891 817
-86 663
842 376
-957 -833
165 -478
124 512
-425 543
665 -579
-582 54
98 470
-408 463
180 -722
664 784
123 662
-919 835
-29 -786
-795 684
649 -588
3 590
-214 90
-859 799
623 -280
243 995
-492 -150
582 478
754 913
939 920
112 973
587 -606
-247 -755
41 -142
-386 63
333 -972
-732 74
-921 637
-625 650
758 595
-390 -98
-778 44
485 -485
-873 905
-693 -133
39 -684
296 122
278 746
299 -567
-124 85
-341 51
-668 -769
385 -881
-186 357
607 700
-620 475
-419 924
645 418
-384 392
632 -114
717 412
-616 592
448 -520
752 -319
-235 -785
676 857
896 214
-606 675
567 456
-132 657
-686 581
473 -33
689 -698
-386 -423
-137 74
-848 987
-896 744
-497 790
873 873
950 -73
130 980
-695 107
574 104
565 -569
-533 852
420 587
604 -759
821 -443
-587 505
-54 740
-991 458
423 821
976 -706
440 -268
-469 -503
-277 593
-411 -443
-663 691
937 341
-263 81
-914 456
-974 169
-749 -87
-688 982
883 -124
-745 -773
637 261
-494 280
-53 683
495 333
-505 -166
980 514
-193 749
865 828
771 125
-135 -523
-118 21
-503 -97
-620 276
620 -415
49 -804
-911 878
-689 933
339 193
-275 610
-937 826
667 670
-533 -383
790 913
-321 -156
-735 -78
-939 -17
-205 -385
-302 808
570 -217
-861 -445
479 491
-193 61
428 653
460 690
-475 -928
-505 847
104 -684
855 735
721 158
-593 524
286 490
-301 943
-706 582
-684 266
123 78
257 906
-836 -801
836 -643
450 -184
478 521
705 638
-442 767
-955 -108
680 -518
-941 -707
963 -754
-756 -891
472 686
-139 980
280 -99
944 329
-442 -1
223 524
21 -102
138 -583
-513 201
763 -312
-822 972
151 334
-819 592
350 387
-924 971
-725 -220
-47 138
-811 319
-876 -797
-877 -363
43 516
-799 569
-308 917
877 365
-320 -259
-401 -810
-251 -237
992 -372
5 975
-767 -202
-403 -797
-248 805
-102 -344
-808 370
-711 790
627 271
-624 178
430 175
-44 -31
-348 709
-345 955
-269 645
-316 962
845 512
-3 -213
-773 551
793 -353
-634 669
-232 -291
-127 -780
-42 -861
-250 602
153 312
-906 -204
307 246
-29 419
915 -156
-420 36
-394 152
732 -899
-937 -736
485 -957
338 -751
-165 474
974 -451
-492 -606
-88 1000
-913 244
778 -314
263 -189
482 920
50 -363
-509 -762
232 130
-363 810
704 781
-788 -441
252 830
211 -146
-904 979
535 -546
-133 352
324 -828
-770 262
-604 37
-831 406
-480 -87
-278 -234
705 259
-779 893
909 -491
-519 226
375 116
-287 915
696 910
390 348
369 -489
419 819
862 -985
-790 -812
-143 -564
986 -797
647 -52
-634 550
-106 -9
-354 -476
825 363
411 -619
973 -760
-737 641
-747 -674
-103 -529
363 -840
-343 -24
103 857
609 -668
-457 922
-399 -736
-241 -259
752 -438
-527 -250
-447 131
989 74
991 -494
-898 -511
88 -283
-542 902
851 -535
263 47
663 -779
-178 744
-597 -162
198 421
424 -371
-150 -293
153 -515
147 470
-328 4
-534 -550
774 -885
565 -336
-494 44
190 -600
-114 -422
-642 -422
-417 484
748 -153
-462 30
-864 984
381 505
615 -40
316 -530
-847 599
-165 -168
-469 -195
-131 113
-737 -920
-807 -987
649 151
-476 -680
-973 -299
-732 -980
553 29
399 826
-255 -874
290 415
-836 15
-492 -370
322 -253
-220 302
-954 609
257 -333
-259 305
-139 675
92 27
435 -317
398 664
-724 -528
827 188
-76 -802
280 -769
979 -634
-556 659
825 -828
-291 -969
936 210
-471 -319
568 903
-143 314
-401 616
74 40
-548 164
-768 -495
-39 922
889 -338
149 86
-735 -368
126 -457
203 -247
317 -818
931 -901
-131 51
-949 -766
758 486
65 435
400 975
-311 482
955 -19
-166 785
975 733
280 327
-994 279
793 -875
-35 187
-518 746
764 -94
666 208
666 345
897 725
137 -998
-57 409
-239 491
-27 739
-459 506
705 -477
-931 536
816 -857
-117 395
-202 -911
-15 303
664 -407
-491 718
132 379
-934 -290
885 -437
227 -347
443 -199
-225 -601
336 371
789 -16
-107 -80
-923 216
73 418
-66 -798
520 -490
34 50
924 53
-724 48
-854 140
-471 772
588 -253
-664 395
-940 -19
59 -542
-609 76
-217 124
-394 -346
-856 520
-748 101
-909 -33
525 -836
-296 232
-731 -724
-355 491
436 351
-178 98
-59 -712
-456 183
774 -100
-823 -186
-818 -82
-974 621
-566 -935
349 -80
340 -38
525 -124
-198 159
-666 747
779 887
48 113
-388 427
-908 -368
470 457
-846 -237
-943 -567
-244 -513
-521 592
-942 -604
729 878
14 -490
-685 -450
277 -622
913 -306
-496 -883
683 -66
118 -257
993 837
-129 -766
432 -98
575 -858
-486 755
706 509
-612 21
-133 -203
-778 421
62 -778
496 -665
-575 656
250 -845
204 274
288 -114
182 -923
684 -650
-725 -959
943 -393
-203 895
-386 -759
-396 732
-58 -532
138 -324
-842 -966
-306 -424
433 323
-390 109
-110 51
-2 792
552 668
446 -708
-364 -793
605 -963
554 -807
-302 380
-607 52
-666 415
-767 4
-94 -900
115 -208
-208 714
-112 235
263 911
923 -619
-667 493
-867 -801
344 -726
-382 -621
-971 -805
669 -708
634 -209
-559 -716
992 813
183 -107
334 343
-796 190
-329 -394
-842 -713
-396 -875
658 -494
-232 356
731 204
-965 -66
-756 632
336 -74
-171 -987
662 227
604 621
-748 -904
944 845
2 -590
-225 -863
262 853
-741 -284
-731 741
172 -684
182 919
-484 954
-714 719
780 427
997 -754
-671 -763
626 146
195 -970
943 -907
-550 -841
-20 -410
-813 -77
973 969
-138 -185
-428 364
-692 711
-279 182
900 839
705 781
-363 967
716 299
-310 -727
281 -631
-700 -792
-313 -657
-954 -294
728 -411
-45 305
983 -769
280 775
78 -919
582 208
415 202
598 605
415 175
583 -695
782 -991
826 91
-930 -902
-733 -950
-892 -71
-355 190
675 -960
882 -362
315 -121
643 -373
-799 -851
-184 -124
-67 -917
251 718
-508 254
221 -585
-512 526
970 -131
720 780
-980 -641
101 -758
978 406
638 408
-884 224
553 -202
-499 2
-210 -767
386 -754
-277 -903
-110 554
-396 889
713 -641
-643 344
-388 -228
957 -543
814 -357
-680 840
369 -164
697 -465
-448 145
-414 -412
752 278
-419 -206
-942 -815
43 567
-822 39
99 -373
-61 376
575 512
-822 9
537 -581
679 -905
-78 -122
636 -124
472 233
-780 -45
189 786
-181 876
256 -853
-141 853
33 763
272 -134
475 -826
774 833
536 -785
529 -686
84 -618
-550 -54
344 -85
-465 -420
-539 705
587 -417
296 17
617 419
-283 301
131 -908
-259 66
308 1000
709 -353
-47 -498
495 -282
96 -962
471 -640
-698 -63
-324 -699
-551 -429
-358 991
-996 470
50 691
-895 -63
452 -485
-636 899
-751 927
376 -395
39 -805
78 -159
-736 -30
-853 659
415 -970
564 422
378 -217
504 -58
-802 7
668 -201
-582 206
974 956
693 -727
356 478
-522 -490
-486 -323
-238 411
-263 -554
-171 989
121 -824
-497 522
414 859
-25 898
-332 -671
656 -859
290 -344
-841 108
139 656
394 -955
891 -223
456 298
698 699
752 -924
-543 390
639 108
-944 -986
715 306
-625 46
-154 -605
645 618
278 -810
311 328
-797 -93
-704 532
-435 -44
-650 55
-407 -466
-400 -472
224 337
115 458
528 410
-24 -998
551 -857
-143 526
292 698
43 314
270 834
-839 270
721 -661
371 52
932 917
-710 262
357 836
-303 849
-561 -148
-604 900
509 -745
327 511
-171 -934
281 597
579 706
640 -710
164 -841
-102 191
798 -726
80 -907
880 506
249 624
172 -104
643 -128
659 456
938 787
-776 -297
-334 58
-623 -246
-735 -637
840 561
-149 624
-114 23
381 128
419 167
-869 -325
925 -507
977 264
264 -689
967 23
-122 570
983 -933
850 919
-530 187
-220 599
268 208
583 889
-96 -937
-300 -478
791 208
407 -376
821 44
576 967
259 658
685 -346
548 -844
-237 383
-359 -634
-75 87
580 -813
891 -333
161 525
965 658
102 152
398 939
735 238
82 -287
178 -834
-110 845
792 -81
-603 -752
156 -247
456 852
17 -565
755 451
871 682
-317 592
-518 -570
224 299
-104 686
629 978
647 -685
75 -984
-209 -25
439 -364
-351 11
-528 427
-381 -532
-532 -263
644 796
834 -54
161 296
453 93
-617 531
432 740
793 -510
-418 -101
-283 -462
-324 -239
-934 470
-359 922
363 726
284 74
-381 -750
-850 328
815 536
-548 970
-743 -807
146 -284
-959 -628
489 -967
-124 678
-497 735
-40 962
58 -357
-897 706
-988 -225
-654 -518
-347 171
248 894
180 108
136 -131
-970 -52
-792 568
608 -165
-495 496
424 595
731 194
-730 924
-536 -572
277 -586
354 -697
335 -739
-719 170
-778 -755
707 -711
490 -707
-340 -751
-284 480
-441 -155
189 -476
-978 -17
786 -594
-599 -734
963 377
-549 429
719 -81
-830 336
-26 -409
317 -670
551 928
908 317
6 -38
-679 -151
-677 -349
784 -337
737 -718
797 504
-333 -118
489 -943
55 747
888 714
554 -871
-191 -570
290 -75
-622 -386
-347 -1
-593 -466
253 -160
604 711
626 442
250 -957
-718 -239
-470 476
-721 -715
-688 353
-833 -600
204 581
792 -897
546 -320
-371 -218
-418 720
-933 -884
-626 936
135 -690
-779 959
-162 -203
140 797
-531 -407
-80 -35
-932 512
574 752
822 440
344 -380
-76 -558
-113 -946
-635 279
-847 -969
-12 -59
434 -891
232 732
136 445
737 -932
-874 740
-870 -387
704 132
575 -431
-953 -755
-177 -745
948 -198
-189 129
-454 919
620 -433
220 83
796 -880
-198 319
-374 -777
-237 925
966 -844
818 -290
652 -732
-241 170
215 -551
-915 543
347 -773
866 -926
325 201
698 -665
-598 349
308 70
-874 -498
997 -431
-403 133
-849 -420
816 409
-894 -767
-423 570
-354 826
-712 -566
-348 97
-649 -361
-242 964
-463 713
-216 -403
331 -909
-247 425
244 -706
-96 475
-990 -854
-144 671
360 347
-198 310
967 111
-532 -216
338 968
-321 -312
-994 980
207 -644
101 926
-465 550
606 48
525 907
-698 -757
-899 344
421 928
-701 -628
382 -722
-647 -772
569 158
-271 824
-72 -412
-148 385
88 323
431 -667
-195 449
-98 414
-292 470
-701 771
863 694
-960 439
711 -568
71 -292
593 240
445 182
-712 -911
-908 249
118 -498
-96 -871
-132 -334
-61 -142
504 975
-489 365
-247 515
-637 -83
476 422
261 -229
-114 130
616 -761
-635 912
422 -416
756 556
930 315
-685 138
-515 -649
16 338
536 602
-184 -10
-617 -924
191 745
-680 -483
-504 546
-144 -245
419 -778
-145 -69
-649 621
-396 315
-209 385
-315 -166
-411 -704
723 -422
-569 -674
678 912
544 -933
-843 -284
-191 -773
-104 980
401 98
-998 163
400 769
936 468
413 973
-613 576
85 -190
-742 -210
-841 462
-842 -953
710 -687
-489 439
-882 -649
-77 -873
-554 -258
42 -687
-523 -163
925 171
760 339
878 386
895 731
-681 -363
75 199
750 967
267 315
-253 -930
481 -72
-345 572
457 -531
-298 -676
166 -40
-258 -601
141 759
-54 -278
213 -876
990 968
-358 68
-557 911
-642 -352
-940 -740
167 -912
-511 -755
199 214
320 729
-560 -295
849 90
686 68
-502 763
-981 -838
-298 110
-83 110
-6 103
632 840
730 213
-569 -178
1 127
305 -828
383 551
-671 332
-772 558
-891 -133
461 889
-494 257
-249 -854
355 -731
-727 289
-131 561
160 -717
-44 955
99 817
-169 949
218 620
30 -518
-319 3
630 291
-41 961
-438 -890
986 251
-193 -268
411 -877
-332 295
287 -64
743 -458
75 98
451 -903
37 982
670 -570
-237 458
-828 -186
606 -552
-532 -633
-82 705
-661 -84
-631 235
-198 -8
11 -8
347 -477
481 19
-223 -690
553 -840
146 -951
275 457
-234 888
-544 -533
-444 -968
-406 -230
640 -4
-527 -8
-887 -421
-323 950
-50 -251
445 -437
-590 -221
225 316
509 387
24 451
-559 -322
827 -225
298 576
161 454
-818 365
-810 718
-231 -254
471 392
882 -25
-9 -34
989 -509
75 -200
-234 5
98 959
-194 -116
-405 723
530 -704
-89 252
610 -475
56 370
32 263
-837 -747
269 -52
533 283
-591 -465
-516 -302
-855 -151
804 -924
-199 -222
35 106
920 -578
-240 -864
420 711
500 -886
317 799
479 -483
-253 -139
-804 -819
260 -196
-173 -717
688 409
858 -777
717 -4
-416 -751
-11 -881
-592 -329
-289 -534
398 -647
919 605
-842 -47
6 240
-991 954
-382 164
20 -859
-324 -502
-728 942
-949 719
273 -106
146 339
886 451
-569 -32
667 535
-372 -897
-286 596
-373 -512
-429 -136
133 346
-851 871
-132 -816
33 -93
-344 185
449 774
-690 485
-998 10
-283 -754
-990 910
590 -747
-394 -629
-698 -706
114 -159
925 -683
-506 -952
-276 375
-895 -430
-62 223
492 57
-983 201
310 811
242 914
-863 924
-589 346
-459 -533
-44 912
-462 -45
174 105
220 470
986 -79
866 402
-451 406
-219 -576
497 -121
-782 603
-240 -423
-435 -974
282 -318
356 -2
334 122
817 728
-514 -977
37 155
861 -776
-518 -322
986 950
598 -669
-448 761
654 263
-803 -991
-806 -294
-878 676
-81 209
-130 811
-386 -844
928 -213
526 -647
285 -443
-804 -222
918 -2
184 644
-860 901
173 -145
864 960
62 19
888 194
680 -992
-860 637
-355 160
-219 -751
-973 51
-873 354
-317 971
263 452
440 364
329 -118
455 -245
-592 495
797 -250
874 472
546 -702
453 312
518 813
216 272
109 606
-124 -853
317 798
997 -748
236 206
-503 43
-844 -241
333 268
428 988
-580 -531
501 792
-188 472
-408 415
-742 -548
846 -203
-927 868
420 548
-14 -770
-950 -846
499 -627
163 -715
650 909
-260 -753
-915 -313
-161 959
659 184
-595 -956
-904 -793
988 841
-340 -905
78 -569
172 972
-594 327
-164 -219
921 -779
983 -116
669 4
-810 -761
-846 305
317 -460
-20 609
-888 404
231 -123
674 -818
-578 163
-346 253
426 -84
692 -227
294 209
558 -614
-532 -929
-294 -500
-603 491
806 503
-624 -945
-303 533
-305 -340
916 842
-299 363
470 -272
933 786
314 -803
-381 901
-185 978
-286 70
-296 -323
485 281
-945 275
207 595
-219 671
-210 532
9 755
-813 -591
569 924
500 116
53 -335
610 -711
-151 -924
-100 145
-701 557
184 -419
706 -575
695 22
335 -785
-931 -455
-205 -721
656 -794
934 886
-584 533
811 499
-234 -319
748 279
-371 -751
449 -683
380 -733
243 -730
-981 -666
-740 387
-94 -912
-291 336
431 -179
680 -889
83 192
-86 924
-736 -627
-292 923
-293 661
750 79
-149 563
624 426
-632 -399
-136 681
-281 -507
967 946
76 288
-674 617
-505 -454
798 423
44 -796
154 -89
695 181
508 -261
-512 844
-278 -470
976 -627
-899 -897
480 393
322 -370
-445 -678
-638 444
948 288
83 -281
754 -964
-304 748
-729 879
-329 764
-739 -572
-375 699
849 -2
-782 108
-669 309
821 638
-873 227
399 985
-67 -655
-830 858
-361 11
176 304
306 -115
-971 0
-56 -794
278 68
576 954
-334 -87
847 838
-378 -528
118 751
-174 129
-10 5
-543 162
-722 360
-658 286
-978 373
591 53
-493 502
-885 923
178 -352
-922 -632
989 -988
-840 -434
401 -723
242 -725
-312 -821
388 965
-189 676
523 6
-902 162
-789 -204
128 -741
15 -133
850 -445
-181 451
-622 -272
817 -954
2 309
-650 490
-654 -148
692 -195
-177 512
-929 5
-117 882
872 168
-319 206
910 286
820 -929
-48 874
-237 -580
539 -878
542 -149
-85 13
-98 -876
-453 144
-924 148
900 909
266 199
-256 277
416 -172
61 142
199 829
-943 26
927 -54
49 -722
10 370
-735 966
882 -604
333 -372
560 -484
-835 27
-137 -249
-844 -179
-3 -363
-639 -965
929 -927
25 -145
-775 838
100 -83
-464 201
-353 -353
62 447
-903 789
97 -651
-22 290
539 143
-918 709
463 96
172 -963
-763 944
447 -437
583 -369
449 489
-790 -84
-76 -68
932 14
750 450
98 -144
-162 765
337 -900
510 -259
441 -86
-22 308
607 70
-982 474
-253 -660
663 49
-130 -740
-546 -672
-769 756
-31 -60
-730 -341
916 -923
148 237
482 -324
-521 -450
643 653
-989 -602
-739 692
657 -207
951 663
40 598
-448 -828
-629 434
-931 -991
-896 78
367 355
856 329
-917 343
239 -429
515 -832
-35 990
-823 -197
-796 -196
-936 -649
-260 586
-215 -921
404 474
551 -395
-57 -457
-277 334
-631 823
461 -915
-854 879
-423 -925
981 -206
548 386
-179 -956
67 -137
-52 -373
-67 902
-1000 519
49 693
-346 -304
657 522
650 -57
-34 -56
-642 -569
649 -895
-996 449
-887 -498
598 -205
-785 711
274 -854
-469 805
-41 -413
-482 342
-278 257
748 672
-55 164
710 304
320 463
475 354
-547 314
-158 4
-417 -500
609 29
403 -98
82 213
-932 805
-318 -310
721 -903
-448 -625
536 39
704 -687
336 -107
-131 979
-599 -368
130 82
500 -906
469 331
-329 660
477 47
337 -888
-689 -514
838 468
-293 -851
521 855
-223 680
224 -47
336 671
123 280
85 804
-975 756
-762 -772
411 123
141 -47
572 542
482 555
88 -685
757 813
-247 552
262 -659
851 499
721 -247
-914 867
978 836
520 -634
971 -438
-18 -409
48 -763
902 255
-512 -372
165 -566
-441 518
939 -380
-832 747
941 -51
-523 82
128 960
493 -953
243 -315
780 -85
-105 -551
265 -905
981 -686
954 -307
437 -165
-475 -339
262 437
553 -827
827 176
591 -107
525 -974
72 -24
-883 11
119 -552
-673 871
435 -804
273 -646
-171 -936
-67 319
-579 212
539 -231
438 -910
-728 -795
938 921
-612 15
-426 775
-952 340
-352 721
181 -205
22 -603
305 683
622 427
-656 -472
-625 64
-745 24
153 -615
-50 -15
-851 -592
574 822
212 -908
-904 726
51 -173
-70 -456
83 604
-455 649
-93 -104
265 -702
-939 37
575 -21
-812 832
-464 890
397 375
822 875
-228 307
887 376
-344 265
-570 -176
-153 -451
886 -807
-489 -973
-518 -430
835 385
-13 561
-639 667
212 -496
-238 412
-754 -485
-359 -956
681 -63
378 712
394 496
-66 774
955 -310
-728 -558
891 -575
964 -857
-471 -837
-857 447
-604 -244
-797 128
948 902
923 -739
-47 371
476 -91
93 89
306 391
928 -498
220 -519
-269 395
597 -837
744 622
-911 344
235 248
802 525
-865 -974
373 -211
735 -908
394 377
683 413
-886 -940
432 -289
-915 -167
878 -78
-873 687
-293 249
-698 -241
132 999
858 -452
-143 45
385 -694
910 679
-798 215
268 820
-237 -730
874 -676
183 -315
-444 -269
-532 -54
199 -805
387 720
-411 547
-265 265
257 12
-443 -83
872 -561
-916 -126
-45 334
730 218
-84 -940
-306 886
957 581
-177 -942
-11 -723
-530 970
963 923
78 -871
-317 593
321 -949
117 33
-630 475
696 -13
-226 -939
142 416
825 -124
-617 971
725 84
-456 127
58 498
146 -622
-445 -391
-5 9
-969 936
-914 -445
-804 744
112 -396
884 -303
-784 282
-430 -27
951 356
-479 -148
-75 -555
-89 -444
871 122
-913 -600
-402 288
-458 639
-675 363
-912 -620
858 -587
652 -217
-920 497
-667 847
-466 -587
589 906
892 561
17 120
269 -569
545 -69
-686 374
-234 -404
-400 701
339 -152
115 625
-25 506
-830 -549
-5 412
-130 -996
194 -533
932 -743
752 -287
85 -356
249 306
-64 -605
-852 -874
-147 88
758 -498
-751 -411
-629 -673
-673 168
-195 -490
-664 165
-443 280
500 -689
239 228
427 83
953 -262
386 -417
-928 -841
-965 127
934 -570
414 483
652 -384
423 -692
-484 728
-60 301
-242 -866
687 825
-341 921
-143 355
-780 108
-598 -311
314 170
-47 530
917 -418
-277 380
95 920
837 -194
-352 449
272 -482
-600 244
32 -683
-729 -262
944 414
-749 699
-237 43
907 -820
-853 621
-588 -927
266 -921
-329 -879
-868 695
-770 614
488 83
-2 336
61 -982
575 -735
630 359
-569 505
-163 -664
946 925
-633 -449
386 -697
663 -873
960 534
-512 155
-750 235
-577 777
-863 -686
-363 70
-631 556
50 703
-46 556
-357 -434
-565 -489
51 312
-477 -371
493 -871
-258 847
-957 715
495 -124
538 518
-175 -642
-52 -794
590 -773
-963 -914
-670 -746
-340 861
563 -589
122 462
539 708
-867 52
920 -549
25 661
-366 447
-35 -29
-794 842
-954 88
782 -804
-764 340
-716 539
-388 -93
-303 -512
567 -504
497 557
256 -848
51 -911
86 -696
674 -670
810 -592
527 674
438 886
-262 293
-438 905
218 -14
216 -377
-934 -963
961 653
296 520
477 -865
-684 -465
329 656
-683 -147
927 -770
-486 899
843 557
-764 721
202 426
-734 -614
-378 7
-998 989
-275 183
116 192
-1 -504
961 34
265 418
-849 -108
725 -763
-126 -344
480 720
-585 -377
-148 267
527 198
-621 393
-387 495
-216 162
-425 -505
674 92
961 -506
-694 -618
-845 13
-412 933
-41 -584
-927 367
429 356
545 -237
909 -870
289 294
-608 497
18 -948
891 487
-450 80
-756 916
-134 182
-200 -825
862 136
-614 -397
206 475
753 -647
391 -975
-404 280
876 355
-464 -17
254 669
656 869
-485 -702
730 -662
-774 51
-942 609
337 -692
278 -156
462 215
-627 385
-158 -484
129 250
-445 -621
554 529
8 -124
292 943
-482 371
-991 -545
883 313
430 779
-808 -267
251 208
57 -398
-958 -40
-924 392
-273 -70
-193 -209
-852 826
-452 370
595 -903
801 139
133 382
981 -466
-747 -596
661 -173
-615 441
417 474
-246 275
-44 783
-550 185
583 -181
-308 666
-503 -628
953 -490
-43 -129
751 622
-757 783
-101 53
-91 174
-562 583
-395 121
-636 411
327 647
66 722
-378 -83
224 439
-213 -22
377 137
569 -904
652 428
119 883
-899 853
-580 -381
40 501
384 -779
943 -171
881 -359
-211 298
-388 995
-753 -8
753 -619
-656 685
181 -657
-326 542
705 470
499 -141
943 -302
-746 384
994 582
655 665
421 -609
692 -252
306 -185
-888 785
159 -51
833 -967
-348 150
288 -362
-636 -544
613 -829
-308 742
-658 -905
265 140
961 59
-389 -333
-853 -783
666 619
335 690
-45 -913
183 390
-59 322
834 -571
-186 463
-962 820
792 -286
-147 -37
-251 229
-977 -870
-713 -25
413 846
266 -826
404 940
-102 -423
-581 568
315 -302
946 491
479 4
-367 -156
839 227
-632 35
-938 293
-365 -297
-476 853
545 195
460 805
-759 -254
191 -225
-509 301
418 419
-865 -141
885 -935
166 515
-766 -579
-534 -784
125 595
98 -273
3 -60
594 156
-243 -192
-241 -142
-347 -973
-897 30
-764 611
246 -991
486 873
385 -884
-12 642
123 -913
-386 -253
-741 978
902 -770
-604 -69
-51 339
638 -700
179 -555
-750 -445
-55 -659
-44 588
-629 -542
421 -45
-558 -401
131 960
634 243
333 575
-313 543
162 -176
781 361
23 387
-949 -852
488 445
-760 -733
771 86
-892 340
-864 -591
-535 -962
-157 987
-463 368
452 319
-455 -930
-864 675
690 -339
305 220
314 918
109 -732
929 234
-957 382
-333 -795
755 559
-300 -187
-309 -25
885 161
-985 -647
216 210
-373 -49
-440 559
533 -886
167 58
11 359
700 -550
-439 840
104 431
713 -282
-422 247
767 -936
-277 680
340 -444
-189 -185
-529 252
214 -322
-867 -585
-547 137
-261 972
51 216
576 685
-692 83
-423 33
1000 -55
-432 -384
572 486
-63 358
218 -777
444 -328
843 628
-541 -926
155 749
317 769
-352 -513
308 -219
-335 -454
-300 -826
-199 -11
-288 266
-608 -203
-287 324
-228 730
-371 518
445 -865
610 -142
672 889
-684 -576
-791 -500
-79 -281
949 757
670 641
-708 -538
76 586
-529 -362
-488 -941
-95 95
-20 -719
-412 513
-593 916
-233 -204
840 -152
-108 -830
-21 423
-212 221
-913 -64
396 163
-388 879
-312 -126
863 -128
-372 -638
489 720
-382 768
-790 -535
92 -705
663 247
-723 -382
504 -484
-970 195
-583 308
-721 -293
-127 -351
574 -636
874 -485
-836 -760
-320 -920
-615 202
-955 59
-741 -177
-560 980
604 693
763 550
584 734
977 185
-435 -553
-182 -549
-745 -525
-569 886
-115 821
-151 -8
426 -105
-39 661
-471 -293
-261 291
-555 -907
-557 134
-367 -116
-176 -748
345 38
-698 533
104 167
176 275
-506 -839
-312 590
831 247
-587 614
-540 -708
-969 999
11 530
-190 -715
250 -41
218 976
-690 792
845 392
135 -408
-371 -762
-952 317
-295 561
-289 -994
-761 -132
280 -953
556 554
794 -72
-185 137
-564 -839
884 428
744 815
540 667
-117 -280
624 502
-504 -634
608 -640
-312 -897
-437 -393
222 -578
742 -486
-610 42
938 523
-472 -661
-536 -967
-160 791
519 -423
930 353
-367 -81
-881 -145
875 -925
341 -45
-35 -402
688 573
875 538
267 781
311 -813
135 -777
-286 341
184 -842
-674 -426
-402 488
-265 -215
429 -402
-882 601
640 -165
835 -140
-27 177
329 802
693 529
-361 145
-988 -426
677 977
-153 -756
-715 536
-719 368
866 -220
-516 -97
148 -39
390 187
213 -320
561 172
-739 562
235 519
-390 401
-11 -627
-272 -498
551 -357
727 130
-6 -951
168 735
455 -464
-647 -999
-201 -736
-61 -239
-570 236
-479 -758
-337 -572
-846 455
817 137
816 995
469 879
880 660
318 313
115 97
812 -889
741 -34
-528 -149
466 -654
-509 751
392 102
922 -271
423 282
-146 -388
46 600
-202 833
-827 -748
-146 701
-950 -594
-642 225
-18 -620
-14 137
-846 2
638 -548
293 480
-490 -904
-718 -41
119 465
943 63
-677 535
-254 -948
-847 -855
485 991
-682 431
305 -868
838 -87
6 -743
-484 -872
77 522
777 -13
245 254
-506 715
-556 -95
-173 919
593 159
139 987
-859 -79
-281 148
-638 -608
224 -533
425 771
-115 381
-599 417
318 -45
3 673
315 548
-768 -127
-62 265
-700 389
46 280
454 -366
-969 -501
298 580
-47 59
805 302
-183 -688
549 253
421 -538
443 -867
596 -25
-412 551
328 117
616 540
-619 -159
494 -728
421 -914
-558 -129
233 681
878 923
-421 783
-791 -176
344 512
-714 -285
233 570
720 -579
-295 -52
763 -110
-271 453
381 70
935 -811
-922 336
819 -988
297 531
-255 -456
543 -405
484 -164
-124 -380
-112 -572
223 170
330 -693
936 -123
-280 602
932 592
-930 781
-80 328
80 416
-686 -531
-963 377
-441 -550
-863 -5
568 606
243 -520
-63 863
589 -768
-279 -282
-639 194
955 -581
-695 -880
640 -967
-127 691
178 -710
246 -715
-413 -702
24 563
132 -17
-957 539
-915 327
-458 575
-304 654
333 286
-279 -637
553 -804
-150 278
316 238
-356 341
-86 -250
490 728
363 10
679 -615
-917 -93
-974 819
-136 -523
18 -975
-564 -236
-659 823
-597 484
448 107
-94 -860
384 -923
-570 810
-756 -650
-964 866
587 -89
343 586
-336 -35
479 112
-89 59
113 -930
-29 -759
-835 298
906 720
-491 -307
863 137
-948 320
-224 -742
386 135
98 427
-93 262
522 403
-813 424
334 -151
-347 -994
762 889
361 145
-835 -760
-407 -213
-74 911
-300 507
250 -841
857 -998
-472 842
-937 -465
522 -20
236 502
31 731
-701 539
-175 -326
333 -546
176 334
890 205
-834 -750
-194 996
-16 265
38 682
337 166
-126 -951
-846 -635
-477 -534
-108 -410
431 796
-884 -920
317 897
-957 -954
-524 311
-787 495
-405 -750
-421 305
-876 -185
-731 -953
388 -318
893 -782
-614 225
855 26
281 -634
-319 -31
-68 939
668 -207
915 879
-896 310
-446 -135
280 954
-399 516
719 -525
982 620
540 -51
-959 -96
-728 300
-573 -216
738 -961
164 228
524 506
-480 768
984 -89
250 -609
363 230
829 442
-155 -481
499 -512
677 930
283 925
934 951
-386 -489
136 -703
-173 628
-716 -211
461 -472
-141 927
571 403
-666 -815
-883 -480
-386 914
-436 -758
-442 226
428 170
720 511
-251 -188
-394 -633
-980 992
-384 736
-54 67
-830 375
214 -207
214 816
-204 -478
837 566
-300 403
334 451
-454 768
821 -408
-629 -66
171 -112
79 802
-829 917
100 -487
-267 951
495 -592
886 730
-784 138
-211 148
687 148
12 453
721 645
921 108
-964 -703
947 -902
468 -352
262 -873
388 -900
594 -467
-491 167
408 -643
-628 723
-324 -504
130 -179
50 -827
-699 -269
-137 -363
590 61
-256 554
-865 604
301 371
858 121
-147 194
-771 -457
-766 79
703 -946
-93 173
-309 -23
-596 -395
525 699
100 -389
684 18
-899 365
890 291
745 653
464 -840
585 -603
-52 -649
-761 806
288 231
453 708
-456 130
-697 -105
-383 -773
-602 276
464 38
-563 662
-311 0
-114 -646
976 326
745 -286
-697 -266
-910 -923
321 357
-286 246
-205 507
461 246
-484 323
-671 336
763 9
299 -565
195 -324
899 177
-244 321
-612 745
960 485
-451 -201
-559 -219
219 -926
985 -333
-992 -85
818 208
-618 -440
-193 280
604 -89
471 600
-438 73
-741 569
593 508
-793 389
491 239
-685 703
343 -4
-685 -648
389 -311
-292 548
304 477
-711 96
-782 562
457 949
472 -47
-107 -923
-226 179
640 874
-222 17
457 -720
704 174
873 477
-216 -247
-312 82
860 962
-905 -108
278 914
399 352
-588 197
-78 -926
-636 169
680 519
968 388
-154 -150
-183 -217
-608 414
498 -939
618 917
150 987
-391 328
-864 -738
-384 -517
-992 -214
-554 794
-306 780
326 705
191 864
-698 952
-554 -230
468 365
73 534
304 605
-276 101
247 42
491 973
409 -375
-779 -880
498 141
-88 -670
263 731
805 -156
-451 174
-662 -719
868 330
-111 689
758 840
748 -704
495 814
540 25
334 -700
-957 -426
-547 -343
384 147
-122 -382
-529 655
435 -109
-833 800
-316 -287
-216 -1000
-49 883
-191 254
-154 153
-894 456
-8 -92
-463 -711
517 -344
357 307
129 -734
-640 908
464 854
449 2
-85 423
-608 -518
-254 840
656 879
66 -29
-254 -736
63 209
932 -211
471 418
802 48
903 865
327 -177
531 96
942 196
-745 847
-775 161
636 106
-888 347
160 -474
-3 608
-873 -964
-526 168
490 621
12 472
459 716
-458 -581
-203 -705
680 404
569 797
190 580
-530 -673
-444 -474
379 -939
68 284
-862 299
548 -812
228 192
-1000 284
371 616
-691 354
-721 809
-824 500
34 291
37 462
-764 506
-10 -584
-605 -99
563 663
534 614
18 -629
835 -277
694 -420
-513 -934
607 -40
-359 -967
467 939
333 485
892 859
-881 -839
-222 -198
163 151
-985 -489
600 -657
-420 -68
614 -501
645 -753
879 296
-40 962
-179 35
-273 812
772 -699
-103 -200
591 270
-633 -375
372 -676
967 878
487 844
178 218
983 424
788 -753
369 290
-475 134
435 -366
300 -184
-830 631
156 -516
838 265
516 -935
-480 -599
535 958
576 718
-99 -542
-964 19
747 -570
-751 624
-66 -85
937 -929
25 -158
-840 664
-737 -897
534 544
-200 873
672 11
-928 737
-5 -283
204 -856
630 -457
421 -201
386 -858
-193 162
-855 721
647 -989
-262 -652
707 560
567 -789
458 529
-310 795
598 810
32 -981
70 152
-984 980
431 -218
-328 -515
993 -251
-505 -237
905 -318
288 69
-699 -400
477 -555
606 -87
-30 -691
-661 124
955 -585
8 570
240 280
279 -884
-108 -462
240 772
658 -411
-285 560
-96 833
-309 99
103 -65
-213 895
-137 -320
345 -996
512 36
787 6
-506 269
874 -102
-606 883
415 826
338 -310
-629 -166
-640 643
-530 -49
-738 -339
-248 -289
822 524
777 385
314 -150
-549 -783
450 -287
81 973
822 -17
-122 255
-96 660
78 84
-72 -292
357 618
-52 -674
-447 313
-380 239
-852 533
33 501
144 468
727 64
-269 949
-197 -144
960 -880
787 200
-244 911
-218 116
579 80
-93 -184
238 -758
-932 989
434 328
464 129
613 -458
386 -187
236 466
-471 535
-201 332
748 681
-713 962
78 -468
194 839
-676 -439
374 41
-749 -143
589 735
-625 607
291 873
-413 -892
-343 672
554 307
-270 -342
341 567
807 982
-716 -207
691 -370
636 -406
635 680
-588 274
-277 933
266 681
152 -534
-602 -892
26 -914
-356 -848
356 27
149 984
-330 -806
144 -105
66 -955
-971 -404
-190 192
275 777
-450 -584
-358 -104
411 -299
9 -365
582 425
-771 59
-684 77
-156 560
355 741
973 -571
320 984
44 639
-686 -395
-98 445
614 74
825 288
-130 -443
-246 673
63 -466
771 753
508 -856
-13 -559
-936 826
-337 139
-617 -688
994 -250
-95 563
874 -639
-664 450
-62 -845
101 -678
963 780
-721 -940
-827 553
-224 673
135 -6
958 410
-199 -904
389 -387
-694 400
-628 -742
944 -196
-701 537
783 -602
360 -23
-548 -542
58 -936
-851 434
118 -577
457 629
-67 77
-327 657
240 511
702 -388
-936 -801
125 -650
-829 -831
-907 34
776 -670
-139 -787
362 870
948 -134
743 249
127 -281
249 494
120 -950
-578 -983
490 -746
-498 807
826 -799
307 -281
-147 476
-780 709
359 496
774 -688
727 -799
131 604
65 980
-949 -486
451 675
-87 -861
923 -792
-902 -840
-510 -627
541 -224
535 -457
-881 842
-112 821
564 -247
467 825
491 -220
388 -465
-664 976
394 556
183 604
-789 -691
-275 -217
-609 -871
574 -851
-898 -724
650 -427
-564 519
995 -169
-818 -99
789 274
517 -630
4 -495
431 -387
786 500
-871 -409
901 -704
357 -353
93 490
-648 -608
-22 -921
160 236
-38 -41
-241 272
-224 156
-461 471
623 808
249 888
797 731
-6 -742
711 458
-98 749
-245 20
181 -847
-589 -148
-70 -81
215 460
-412 -747
880 -180
409 978
-446 0
154 660
612 463
415 42
-548 -610
-837 -799
960 -618
675 819
82 -590
-744 -292
-607 803
-266 990
149 -918
623 -473
-312 563
-139 -911
148 -686
-45 822
-713 -422
380 313
699 -652
-811 987
266 651
27 -720
-862 -162
-229 818
-154 281
413 317
126 -497
-598 -928
-825 -262
771 43
-432 -813
-316 609
-503 -679
519 -703
240 9
-189 -934
808 -652
341 -353
689 -487
466 -500
-152 -133
-902 487
-262 -801
650 346
943 -213
-815 425
-653 -52
-799 -845
-483 583
395 321
961 664
-828 719
527 372
-462 794
-76 -98
-723 -373
995 609
-602 -547
222 945
-424 -485
-310 -149
533 -945
152 -851
-255 -352
-909 -389
-3 64
804 760
713 -681
-853 67
314 -58
340 -876
-16 -911
-789 373
-674 112
65 -871
661 -132
679 -766
971 -214
-509 -356
-257 739
-563 821
635 713
851 93
778 -141
-48 -225
-601 439
886 729
-853 -566
-228 -912
181 -586
84 -539
-894 -382
108 522
-875 -641
233 -414
-532 -172
590 241
-821 673
-784 957
53 -118
-737 239
947 791
-885 769
-538 -7
31 618
-410 973
-315 317
-751 746
-374 302
865 -340
-838 461
-510 -547
363 143
278 -738
-382 -513
715 897
-10 888
644 394
-371 976
-315 -789
-987 489
-909 668
643 -885
-775 -46
-793 -6
181 -690
988 -179
950 -454
-52 175
-312 796
960 -830
404 -75
-512 -425
707 592
-509 648
70 -24
-658 -495
290 151
-634 640
466 -235
-394 -649
-224 191
878 519
-407 -857
271 -312
-315 -32
941 -122
274 974
-900 -777
-954 120
-63 517
-110 315
398 -799
-781 -704
-32 -203
-650 -376
423 -355
-206 403
-684 -688
14 -724
-466 -692
-237 265
351 776
-664 154
882 103
-70 316
949 207
-231 602
-34 864
-753 745
-278 333
652 495
405 991
993 347
-871 459
139 -53
625 524
-203 -911
805 920
357 892
348 924
344 -278
-619 -886
-658 567
415 -707
-358 161
-840 -562
-197 -332
873 534
-279 -676
-892 425
442 444
-450 -934
958 -755
-163 264
-131 764
288 -137
85 -930
377 -528
-600 -105
790 -181
968 -185
-337 -195
375 314
465 -136
-349 -72
-794 840
101 39
963 547
-705 339
-195 -275
-115 -560
-38 949
-901 -39
-967 959
973 826
-978 -598
589 651
988 686
453 -466
-504 -424
-286 530
249 -709
820 -826
-244 -164
801 603
-518 693
403 62
-530 472
-175 286
561 -249
-350 -184
-193 143
-33 -934
-672 162
674 -520
-89 -429
-812 90
-964 -466
-133 629
646 977
543 -639
-383 928
433 -362
35 104
203 15
-874 919
464 -159
-254 -739
75 -182
597 660
874 -850
176 -496
336 -632
-512 -384
-734 710
914 -791
-753 -843
605 -996
820 703
-381 -751
-735 241
-690 -177
-79 331
-532 -353
-38 -684
-13 -26
-677 935
946 441
149 -847
-523 52
-544 50
805 -268
20 944
519 886
-631 485
745 127
-343 397
368 922
-965 213
701 16
-831 905
-995 377
371 630
90 -4
-703 860
86 596
-1000 -110
-225 -866
78 -916
986 -781
916 606
-591 82
-146 316
816 339
-899 812
-300 992
-386 368
576 -627
-514 -448
225 -901
227 -553
421 -452
389 412
-739 -690
904 559
214 784
-981 536
236 656
-354 233
-268 750
-335 -223
-975 490
966 232
52 -988
864 -667
81 -247
-381 -281
-432 470
-6 985
207 261
201 -502
-265 -542
-929 -5
949 664
-145 -732
-769 -604
-240 669
893 -582
44 -20
-301 -127
372 251
983 187
-441 868
-231 877
-287 590
-176 -178
-591 -763
595 616
678 768
409 567
-262 -658
590 177
-640 -397
466 443
-808 -82
751 -236
452 420
-96 -47
-439 -262
-662 -212
183 -263
-747 455
454 725
-765 -910
335 922
639 727
749 -832
-361 296
-431 448
-109 -352
-327 690
-805 -670
-600 -419
3 -547
312 -838
653 -539
-850 -793
386 -539
613 677
-810 -390
688 780
940 847
643 -954
-203 307
-828 33
684 -847
361 -793
-225 84
528 526
-229 -338
-352 -9
-722 -34
720 -608
-522 -321
-614 573
803 563
-696 -837
-838 849
262 518
-379 717
-527 256
-467 135
303 -42
-540 -1
678 116
-346 261
579 -683
255 261
-711 847
94 -838
-323 -737
888 798
107 -947
457 66
168 845
400 524
603 -951
164 189
-308 591
298 -970
-566 -9
-278 56
700 874
-652 -530
224 596
-308 784
-384 -436
-65 -817
927 142
835 -810
-80 -328
-938 786
407 332
-651 792
422 -69
-397 642
934 861
882 -413
-924 95
-243 245
290 8
259 -955
-477 424
416 -31
-345 -510
96 -116
-166 -411
-40 703
-120 -297
345 673
-15 983
-697 460
390 815
-773 531
576 911
992 -720
-576 -139
-5 910
-908 630
-753 127
681 643
791 371
618 452
-291 996
-638 -906
761 703
397 213
-338 384
-850 -811
-747 988
-513 -872
-580 405
-868 -502
-637 802
-868 916
44 436
-697 -169
868 362
-581 212
-112 731
108 -584
-292 -547
-600 632
668 -698
872 84
989 34
-265 13
211 227
-773 591
472 -788
237 821
-148 -545
661 -17
41 -473
193 -888
-859 -354
-922 -905
-779 527
-329 820
-376 -689
723 611
-112 294
-749 -871
-551 277
-150 -24
170 420
-856 516
-636 622
780 702
554 -851
-21 -860
-134 924
-178 25
888 -724
952 215
202 383
-530 -894
26 -901
978 -372
-882 -60
269 859
-696 833
641 -66
-421 -645
-239 -638
-233 -453
255 -183
-353 -327
-510 210
105 -27
764 -279
218 -653
-806 395
-276 -218
-861 511
-906 795
7 -101
347 191
438 787
-308 123
991 -444
-761 -776
-141 -218
75 435
-330 -848
694 -315
-65 -255
-582 -209
-96 831
62 -992
619 879
-561 657
-221 -115
-732 639
768 -891
719 -211
106 297
521 -313
237 14
-74 -141
-41 378
965 -161
892 -780
-962 -168
483 790
-201 -812
-287 703
-327 -894
87 -544
131 937
28 -170
530 -642
909 -485
-663 581
-70 -569
228 -763
-415 281
867 16
563 929
514 -58
-153 -493
263 -526
-226 -573
-709 715
836 123
-681 -207
751 -376
164 -69
-946 382
-824 -624
411 612
982 646
-22 -113
239 -463
64 961
-754 863
-304 187
853 864
985 401
152 963
-934 -662
42 647
822 -397
958 -627
-981 -687
224 635
-634 84
-408 -882
93 225
-602 -16
-21 334
936 -868
713 -36
-432 -97
-783 -449
-8 467
864 -932
-545 609
-372 851
-527 438
-708 -654
-733 -591
-432 -872
-380 -616
-869 671
853 -119
-865 -626
-302 -615
-596 971
-563 75
-501 895
603 878
124 773
583 -660
-653 -456
711 509
-719 769
999 -68
163 -253
-720 -481
-34 -563
787 -52
152 533
756 -72
118 550
-792 123
-120 550
-132 459
-466 903
-593 -245
148 -828
-247 -339
777 617
550 -725
-789 234
-733 -516
-455 502
475 449
404 -123
934 643
487 267
-955 -169
-589 809
-580 353
988 716
-108 -390
69 82
159 -536
331 994
-46 262
-177 -644
-601 136
398 -93
135 759
777 -29
-27 -135
194 143
-291 -895
-495 -577
-421 70
-296 925
-211 978
-175 225
46 -165
852 460
887 -952
457 863
9 -27
-147 216
843 558
-497 957
78 -70
104 -366
131 -647
-62 93
-392 -460
-82 -765
-941 624
-269 -266
462 -832
-38 876
469 647
-611 886
458 964
-3 -414
-274 -869
-35 834
-549 19
-921 1
896 -992
-859 -76
572 -182
-225 149
105 -912
22 678
-239 -156
-621 912
-746 995
299 931
726 362
986 -447
680 -318
363 -438
603 802
-527 -541
383 782
4 -407
232 294
-614 134
428 -342
542 -769
-343 375
-647 -468
405 -887
-881 823
904 526
276 851
748 -912
-515 187
-928 -826
-686 269
620 844
515 -792
648 -301
-598 791
-679 -905
500 -475
-368 -969
827 501
411 -49
209 -37
-908 -901
977 120
772 -658
-595 588
-6 -743
-977 417
965 966
964 -709
595 94
266 -723
583 -570
751 791
816 -840
-760 -438
362 560
278 325
-769 -250
813 -508
845 -897
110 500
8 -746
-234 -485
-346 421
374 -39
-141 -607
-373 -207
729 -869
-393 623
338 -528
224 234
-706 392
-768 -252
674 -733
-701 629
-174 217
783 812
-729 -28
467 562
551 -614
691 -131
0 342
579 288
981 -637
626 538
-60 -199
-864 734
-610 984
831 -676
93 355
387 939
-637 -11
-568 872
-727 579
-343 -682
622 -523
-701 -500
632 -499
-641 766
-689 872
-908 575
-948 -444
466 -699
-807 567
-270 -501
334 607
-422 -675
985 -448
741 847
-952 864
-561 -27
-398 206
591 -244
129 213
385 -443
273 460
-677 -810
920 316
157 806
-506 -930
-158 841
-243 -438
671 -840
-65 109
259 -513
-30 306
440 296
939 -774
-599 -703
-175 59
-797 455
-409 868
-249 -999
771 -956
-474 -714
-654 906
682 946
656 -716
476 372
-33 472
25 115
-895 910
-119 719
139 651
-282 780
110 -55
-644 -30
-688 187
504 -730
-922 -610
385 179
906 -937
43 137
-553 -18
-522 127
970 900
-289 785
947 670
966 -434
707 -526
-1 -552
-10 549
168 948
66 -647
451 -978
-160 -719
-387 450
479 -85
719 -504
708 -463
-837 -737
442 238
695 -698
-31 476
-852 126
-847 744
-526 283
-51 897
644 -568
-294 183
91 -132
-620 -521
-899 -335
-618 88
615 538
-68 -615
486 132
-671 998
-650 774
33 400
57 229
396 160
68 -654
-943 598
-699 881
868 -900
-125 -982
-449 310
758 -103
-506 861
-183 626
-306 -756
-472 -759
-681 -115
531 625
-350 590
318 279
858 -420
-533 214
-93 726
214 306
185 116
877 -300
-54 -321
234 641
771 -540
115 -353
-792 251
859 152
873 274
-941 628
-459 776
-447 65
-362 -246
-670 338
-824 -939
-943 -207
320 -599
405 679
-585 -392
-794 585
647 -779
-70 -786
238 229
-624 656
-664 -580
-480 -254
-979 137
-437 -441
-225 -899
-12 917
626 374
323 852
926 8
-795 317
-238 616
309 -411
-971 -603
-308 565
-975 209
937 -109
254 136
-604 963
542 937
259 -377
994 96
-145 -157
586 -731
160 496
-29 -129
-60 289
-399 -191
776 954
-173 882
686 583
-632 424
-129 -269
-84 -300
480 -763
332 312
-585 -694
705 -32
64 -377
487 362
485 -832
291 184
546 -479
-602 720
-638 -966
977 62
560 -413
-774 -547
464 735
-217 675
-20 985
206 831
-304 30
-256 -692
80 848
550 257
-207 235
-300 -507
-110 -111
-704 -512
836 433
501 236
-276 -620
-543 723
599 855
-100 -916
37 -564
-306 -570
327 978
791 237
655 -829
231 258
-412 -285
772 -97
278 -365
-156 -675
144 -579
473 -648
79 -899
676 -788
-780 798
-309 83
81 -443
-184 -359
-261 -346
1 921
953 976
58 494
684 -453
198 28
-905 755
-716 324
479 -229
-111 630
75 548
676 452
36 358
-809 750
-845 563
-901 -832
216 993
-765 -571
301 -12
-384 -503
504 468
541 -378
-440 -488
816 659
-293 824
682 901
-107 655
-256 365
258 551
-507 162
-655 261
-549 329
-943 122
980 248
962 210
343 -219
-84 -264
-413 -251
-9 -620
-774 -816
-120 602
-774 906
-585 -102
-496 -682
-147 -884
-144 -864
-418 650
-781 -805
-877 371
-81 88
230 542
873 -624
-357 548
-754 -943
969 958
-962 -894
-573 352
-310 893
783 -998
571 -160
-226 157
867 105
-499 312
-899 -478
622 -345
-638 661
885 -652
-438 334
554 607
-279 -963
382 330
272 -255
420 -916
715 437
270 -448
-127 -819
-83 480
785 -334
724 -125
918 689
107 826
-141 426
-588 -291
-381 -894
-695 68
-800 387
375 826
-954 -107
95 -962
295 -969
-294 -471
568 -559
609 218
408 -506
322 -105
59 -758
-910 809
528 586
56 -926
478 -53
-645 -756
-798 -60
-602 935
773 322
562 -830
833 -537
114 -775
701 -872
795 219
-695 253
-210 -68
-111 848
185 216
-796 -286
205 -692
20 287
-16 -681
601 -979
-568 592
-629 49
-920 -542
325 -730
665 616
137 542
367 -374
728 -370
768 496
-330 -426
-131 868
-108 868
257 640
-611 658
-64 187
119 -848
-56 -74
-810 -709
139 -130
-737 -302
-944 649
609 -387
-790 630
-606 -5
565 -243
494 -81
-222 67
985 403
449 -306
-607 856
658 -840
983 82
-686 64
271 -448
331 176
-655 -405
-806 109
582 -935
-293 -482
313 -400
-690 478
-826 -257
-601 807
724 -756
-228 891
440 841
-894 73
549 -653
-593 35
545 262
-468 -753
914 -148
-336 -231
625 875
-791 569
-953 928
944 -520
580 -881
560 -262
539 145
-512 -452
-42 -430
-872 214
493 997
35 587
644 581
548 647
361 994
-301 -873
734 279
-787 -497
-357 355
-742 -243
812 -323
-469 300
395 -113
-172 802
-774 541
-279 -160
-183 -758
340 -698
321 -140
726 956
105 29
760 346
864 901
171 286
598 -469
-955 -745
-915 469
227 355
-622 -380
-666 538
-30 881
395 -892
-613 -904
-778 -864
254 -282
-821 9
296 189
-224 -905
-250 783
623 -53
799 -143
-142 9
492 -384
714 -49
399 -271
-3 367
905 487
647 359
280 -695
-981 875
655 -934
899 665
56 -508
146 434
919 211
-210 566
-158 390
-40 973
238 61
-654 146
-231 265
-688 -134
-42 38
-534 189
613 -357
-506 -828
-327 -888
888 -800
-137 251
-185 723
-440 -658
85 -311
-536 231
398 400
-635 350
-161 -708
-98 295
-467 -378
247 940
688 671
423 -72
-787 -283
-266 877
-36 -811
-398 259
-872 119
-399 -293
-736 -682
546 311
-382 582
-571 -17
258 -791
-672 -690
680 695
992 249
920 -354
853 -72
213 -886
-695 328
726 -277
682 -386
85 613
716 -815
-162 -33
783 -588
913 -597
-261 835
-440 712
-253 -273
619 961
-186 253
-860 -389
-207 -132
770 -397
-246 -399
-431 144
-232 -227
-431 -142
-231 -994
708 827
707 -10
495 968
811 175
-305 213
908 629
-872 262
-331 -1000
-581 -448
-460 -654
-974 389
-945 111
478 630
520 -68
103 -576
339 -367
475 -684
899 -902
999 181
-319 -870
-943 -489
70 -773
664 -9
-833 -518
633 -344
275 -419
-963 573
-482 12
780 26
-106 -878
-204 515
-411 -697
688 -970
-286 152
-158 113
-971 695
237 76
563 -762
676 -887
741 -498
-610 -224
784 826
-493 -244
836 -96
630 130
-761 771
363 219
-703 -796
-226 -962
-624 197
10 857
-807 -65
159 532
-400 -9
489 93
-315 285
-250 -462
732 528
-3 120
166 -688
44 909
167 -210
112 -500
-652 -115
-588 -784
-170 171
-366 -851
-327 -807
690 197
-312 768
-210 -246
952 -166
266 -871
750 -68
-481 -121
134 70
313 860
892 -257
110 757
346 -226
-52 481
531 -43
-129 -738
-479 753
-74 -988
-389 -320
-643 328
-395 585
-554 127
437 975
162 314
148 252
768 144
947 -125
-643 -873
-57 687
-249 985
737 -979
-180 -937
-866 -53
20 85
-427 -286
-428 -83
707 366
-921 -320
598 -380
-488 -673
-584 -338
-594 697
-814 -247
-590 -696
-251 -838
70 960
-613 -583
453 816
-284 32
-851 -671
-629 -26
-868 710
52 -704
197 -798
457 875
-572 -359
-549 -291
951 560
541 -256
-635 79
607 102
759 1
-613 151
569 -793
668 216
373 -954
-202 -209
23 -802
31 290
896 -336
22 390
175 910
-212 395
18 -631
-505 237
-885 958
-683 -145
-994 620
347 -934
955 -674
602 636
640 516
460 -584
-377 -730
-94 -211
147 283
-632 -305
941 571
-570 419
-615 81
736 676
-815 -699
958 -226
-301 -849
-732 180
787 -855
631 -369
475 -202
-694 452
773 198
513 419
291 -12
775 -778
-357 383
-256 -658
-541 982
136 -23
107 -316
-115 -987
174 730
456 -383
562 -792
233 -604
-293 -684
-449 -648
571 -620
5 888
727 950
956 -617
-195 -928
-991 98
732 -1
-157 463
-106 -861
338 -859
821 -72
652 820
874 884
-153 -140
986 90
612 -771
150 867
-665 -305
252 -114
4 999
-266 -660
-4 185
221 -866
-268 239
-578 295
900 -484
-455 -804
172 -890
161 534
-52 -505
243 -375
-374 -706
-493 -450
-700 235
53 293
721 -89
-528 432
-519 -134
839 361
-39 313
412 943
-482 869
374 -928
884 -287
-85 -425
-614 612
-646 -592
300 70
-461 614
893 -718
193 -335
-155 -96
245 796
-763 -423
-923 507
-498 -33
321 -726
-102 966
-245 908
639 92
618 -168
666 500
-341 -47
349 276
-301 785
-788 24
172 409
889 -166
963 857
132 404
555 -228
-706 -158
-849 738
-262 338
358 193
-540 753
-283 -749
-851 917
909 -190
-424 -231
-364 -311
-32 394
-711 871
231 -621
146 -458
335 -954
779 -331
-550 -244
920 -42
-183 -393
-869 900
-443 -357
141 -153
-972 629
-16 862
480 780
993 661
-506 512
-506 476
-573 -813
-667 687
743 -405
674 601
-8 -61
-539 232
721 -186
977 -856
434 -267
333 -122
-580 -320
941 -345
809 -898
226 -206
-908 -131
865 787
-528 -597
-429 -209
911 187
448 -854
501 -665
-411 -964
-745 860
-323 -614
-984 585
-841 515
266 588
934 461
564 412
418 -575
-455 -905
-581 -208
-271 -180
-948 -262
939 797
-925 86
-626 936
-631 920
243 -316
193 -426
157 -98
-472 -615
24 329
772 195
427 151
786 -720
318 -646
614 -186
-989 919
631 -484
-655 -772
822 -707
-139 -149
-5 574
762 26
-894 -360
-816 -54
-152 353
-967 -359
-45 -158
275 -208
-590 650
285 126
820 -683
404 756
-804 -583
156 -803
-876 -61
662 681
470 50
-813 -629
994 459
-509 -637
190 -592
565 693
-319 -787
-774 887
504 -474
-691 -830
129 469
-72 331
591 0
-157 906
-126 279
224 -133
848 -817
980 -159
-543 -439
-413 79
-962 -44
879 -885
-262 -204
-768 -877
-131 854
-491 -835
-576 -529
814 923
-348 479
-357 74
702 14
941 921
-226 -247
669 -619
523 -311
429 892
888 -740
-112 315
-777 -893
95 25
-501 -800
432 857
-477 243
-965 -714
809 703
874 -242
877 -358
-281 980
-958 288
-793 -678
435 -397
332 -145
94 676
-7 696
-372 660
-517 -546
-84 417
-515 -476
795 591
865 -107
360 -827
133 750
-354 -409
561 -40
-728 297
-989 6
301 -167
39 -426
-983 -476
-232 368
646 992
772 -43
265 607
889 -960
537 233
-573 704
-910 993
392 -613
787 124
172 588
-221 -262
-551 -199
-657 -658
-648 -98
-734 969
187 -347
643 291
-48 256
-14 -96
-531 -961
647 -457
717 215
656 -472
-790 732
618 -89
77 -745
8 -414
-672 488
-70 140
573 170
972 -728
254 -40
804 -886
-606 -610
90 -256
3 661
-960 637
-170 -288
530 362
72 -738
633 -795
983 126
14 -310
635 -284
518 -853
-835 591
995 937
-624 -72
219 -673
993 320
-101 -983
-253 91
-207 57
-75 -605
416 637
118 287
-958 -728
-372 -691
788 -712
-818 67
497 -432
-101 -858
-302 -922
-542 -63
-172 -395
-620 178
864 269
436 -305
-567 -718
122 -782
538 934
708 -823
608 610
488 -432
-275 559
516 -156
-984 -362
-805 -146
197 -156
877 964
-189 -581
565 234
619 -356
-917 762
-629 -966
277 -738
135 -251
-494 -287
59 516
-337 -658
416 -14
205 541
-729 953
-1 -98
755 -143
-561 183
-290 608
374 147
925 390
-416 969
-614 465
-867 -52
181 -828
637 -408
647 -346
392 -181
462 102
-367 486
-861 889
-90 -527
-156 397
453 976
-807 961
858 337
-522 662
628 -953
169 -362
467 36
-283 818
-255 185
-488 -140
-540 -138
89 -105
877 225
-181 415
-178 115
-141 -897
561 -891
-66 -166
-94 424
-470 -918
234 359
-149 -350
-212 -914
546 -166
862 -535
614 -546
244 722
-890 630
-468 -363
189 -243
965 277
275 814
132 -26
-61 191
-1000 185
671 -120
266 767
-818 496
-90 -71
-556 970
83 694
540 298
-131 743
-849 340
971 765
624 -680
298 871
238 -140
-410 417
527 556
50 244
854 969
-943 -958
-887 600
103 690
417 933
435 853
734 -481
-560 -4
-358 652
675 402
-400 818
167 465
-846 -604
995 983
-410 -347
-215 405
-302 662
-676 -678
728 -73
-346 -822
-837 425
232 -363
678 -467
-845 183
-939 484
-141 712
-397 591
-844 -313
-388 -558
-793 584
-8 -132
931 894
-94 -972
76 691
-215 -788
-641 -531
0 -577
-467 596
155 701
-110 -796
122 11
289 268
897 -168
888 597
-245 -788
-491 271
-561 185
-180 -447
-665 -877
-61 -655
-812 679
-936 757
-784 -324
820 -691
196 659
-262 953
-789 667
620 -486
105 -55
967 439
-978 -56
828 -964
-838 -752
-632 -140
-467 -882
873 597
233 -354
648 876
877 299
594 -577
-901 -642
-74 -542
-602 814
449 -850
745 -506
-482 -201
754 -545
-62 428
-350 -660
-345 782
427 89
-224 -268
551 675
-388 372
370 423
313 -553
-395 226
67 -534
-783 -174
-542 471
131 249
-557 542
176 320
370 974
568 -362
-226 -943
697 -645
-190 -49
42 -912
-863 -655
-481 60
-784 -197
972 -598
673 -680
470 -914
-454 -46
-733 -891
22 182
456 -609
-975 -976
939 -467
678 -15
-105 873
-452 582
415 929
320 -446
-46 -93
-526 307
-929 -849
-716 -953
178 966
255 216
-209 665
-367 242
235 -614
-695 -682
890 223
768 -935
-321 49
228 97
74 642
928 -223
-4 -370
655 503
-391 -367
856 728
-433 -737
-353 369
679 -669
-164 -327
202 461
204 682
498 253
-344 600
848 -394
-237 -232
352 -64
-462 677
-822 -861
-911 -479
846 -568
691 871
-728 -482
-712 -278
-380 742
6 64
-322 27
184 181
-936 902
774 951
140 -794
9 -137
769 -779
-126 690
745 -60
531 -482
582 422
535 -697
-697 -727
20 959
-50 498
435 -933
-974 61
-203 -455
-314 645
896 -782
108 -302
-570 -404
956 -908
-919 877
737 945
-218 921
994 445
-333 950
954 -895
-318 59
297 417
-806 -291
64 84
264 -702
830 891
-755 72
719 -983
465 -145
704 -141
68 -107
734 -97
747 -221
-853 638
-377 625
-26 -119
-570 525
-37 -605
341 -513
35 -652
-783 765
-795 -827
486 -621
905 -753
-70 -476
0 -70
-369 -701
-649 -414
-429 726
881 345
-520 161
968 -670
542 245
-569 -846
-658 -416
-960 -564
830 787
-555 903
-209 858
-435 -320
-469 -194
211 -767
-373 -51
-948 -789
-563 840
-127 471
-80 -175
-691 -785
150 160
875 -882
890 638
733 529
-748 -363
584 678
12 199
-359 609
317 422
-491 -726
479 650
151 727
373 -626
-147 906
-895 150
-948 -552
-612 191
196 -152
830 177
157 -191
-965 -513
-367 -800
173 154
-513 599
-384 949
6 -608
-460 -92
-42 667
296 425
-571 -245
-949 -912
205 -587
-208 -27
4 518
-434 210
-873 72
695 214
897 -377
-146 813
554 -659
995 812
-588 133
-376 266
740 -394
463 733
-917 90
-298 355
-642 -477
-618 -691
-13 124
690 -713
-116 -42
-700 -142
-869 -45
636 634
-973 -902
354 -401
673 871
-918 108
-555 -420
296 -770
678 165
368 -42
827 -686
-639 94
-334 -232
-441 -165
-912 -799
-897 -963
295 -507
-768 211
371 843
-905 -571
264 -943
-891 -908
-689 163
-806 580
-715 747
-759 -313
641 -971
772 -38
-920 836
781 -809
1 -526
-996 146
943 309
571 471
-924 -978
-426 453
641 -653
-210 950
-6 -154
-223 439
-370 796
-145 39
-79 741
565 904
-350 740
-362 298
-6 525
686 -152
-455 37
-146 -22
693 -451
415 600
486 -492
-516 -906
951 -362
330 981
964 681
-856 -962
152 -130
895 46
-295 787
196 -48
-913 345
449 680
849 -134
672 965
307 -820
-480 -24
860 -912
848 854
-423 -594
-527 -984
643 -712
110 35
-49 16
318 -122
-445 -257
811 -277
325 -716
821 38
15 67
124 370
-497 851
285 910
680 126
744 -245
575 -725
-317 987
450 402
899 386
237 267
335 -786
934 -90
714 -696
-601 895
211 -895
32 -721
-348 -502
29 306
-407 -82
661 469
113 802
-166 71
-534 164
721 -894
-924 -951
-919 49
-263 264
-255 561
-326 -60
920 669
-345 -418
370 -735
197 859
-663 386
-464 865
29 148
266 621
-629 121
517 -521
541 -451
566 -806
-132 -961
-65 -992
-677 -658
160 -534
950 -662
-946 46
-985 131
-608 202
-63 -389
-164 -901
-778 -497
442 -31
765 916
398 130
-682 47
-49 387
-775 37
263 68
769 241
-88 703
443 13
174 -318
48 -776
-810 -513
-335 -212
171 -364
-890 994
-239 121
278 551
671 -802
-865 50
364 -678
-326 -830
612 -782
804 557
354 499
-241 -599
-814 694
969 -31
-661 -693
334 -847
-720 -888
615 195
-455 -650
98 987
-273 335
-453 -156
-80 -512
-458 907
-685 -687
456 29
-379 898
604 -749
359 811
299 -741
434 77
-4 -340
-657 75
-680 -442
320 561
-87 347
-136 631
-864 -491
15 -402
228 -565
-964 880
626 952
281 -448
-194 -140
235 690
345 209
-567 442
561 -150
-522 635
811 -520
421 523
-541 -309
-947 -4
-293 -234
697 -946
-505 -565
887 -729
798 998
32 -967
-254 -271
448 -55
-965 55
-921 456
-162 740
500 998
532 205
179 -44
95 -144
-815 -357
-903 833
-438 200
530 -656
-700 699
581 -19
-794 -669
175 407
585 -488
-766 768
596 -451
36 317
-435 -896
227 823
-61 -817
-976 -172
-690 -326
78 -319
418 738
951 -997
69 -303
-279 670
-729 -127
550 -894
-679 733
932 -56
-134 829
-519 349
-899 -581
-993 115
951 507
-669 55
338 -257
-661 -186
-605 450
998 44
-59 -59
205 981
-535 -74
-603 458
-3 639
856 -532
-590 -174
507 928
107 -387
104 -376
816 -595
-995 -239
-137 358
-764 -98
-964 -119
-430 254
-202 -447
-586 -629
611 -738
924 -698
-34 -73
-871 821
169 -233
371 -267
103 -881
-126 561
-732 393
451 -348
626 -839
-749 -449
-872 695
139 -528
-533 952
461 -821
-34 618
873 275
-312 825
265 164
440 19
893 410
-876 -312
259 484
-401 -58
27 45
-962 268
366 -461
-248 430
758 -574
-325 -591
895 671
178 34
-39 870
171 753
-51 -994
-755 316
769 768
-826 -940
688 -96
-966 -63
288 965
923 -28
943 -374
-544 607
-552 -726
255 29
-46 -401
312 -127
769 -485
-506 203
-432 -355
443 946
-610 -90
-949 275
-441 436
-291 -270
-504 -804
-671 273
952 247
-138 -519
-968 175
883 518
-531 900
235 863
474 -531
754 -993
-819 235
80 -109
-617 664
-102 -584
421 2
-2 -40
-362 -465
332 -806
-398 557
-719 927
-287 319
-195 22
-100 585
581 333
183 928
-335 671
259 171
396 950
-219 313
663 519
249 934
-909 230
771 -137
-29 763
825 331
217 734
-48 586
-258 946
35 -990
-16 333
163 -1
-948 -485
-770 -96
-680 -224
-631 307
-768 709
577 -775
390 -240
-965 -692
235 -563
-872 -278
-828 -852
-707 114
-830 -72
799 -57
-984 450
958 80
822 513
-223 396
-164 840
-285 310
-706 846
467 -322
-392 -874
-191 -881
184 595
-340 -2
546 602
891 247
-155 -384
909 -585
-324 -141
-427 516
934 473
-902 480
780 -281
985 191
621 -109
490 -300
-528 -86
108 -245
646 -911
-228 -842
98 679
811 987
867 802
945 708
-140 948
426 824
162 -820
-872 -891
910 -573
209 -202
161 695
-315 -889
-595 450
18 -221
26 478
942 614
806 960
237 905
782 -23
-604 -349
319 -304
-462 457
-333 -665
-741 -659
-664 315
386 -365
549 616
761 -745
852 -665
767 -527
-380 369
-949 686
-583 -924
-907 455
520 433
507 -956
-87 23
905 -642
412 -789
-717 30
-126 952
991 201
848 -675
-87 744
-766 352
-304 940
898 -820
962 -128
-138 331
617 -57
-813 311
381 -146
-281 -305
-135 -798
981 -165
-839 638
-211 301
-401 325
62 -28
778 892
-56 968
969 596
-458 -295
-436 881
620 718
385 551
-558 -198
-560 834
4 -926
-908 54
853 289
-784 865
-323 506
716 -180
-554 -648
731 -200
702 144
-929 729
4 876
443 448
-300 -980
-658 843
500 540
910 72
239 440
-935 -214
37 -44
-112 472
-589 -863
82 724
-446 439
-310 -223
107 -304
766 307
703 687
-264 -113
-432 -172
464 120
-666 509
936 153
-851 -545
304 -605
-905 -370
616 -257
-524 748
-219 -443
-378 91
659 -650
-165 -613
912 -456
-130 -144
427 -2
467 76
-658 550
-205 -820
-321 -614
-602 232
171 167
966 512
-404 655
550 -864
449 -48
-268 -767
89 267
-153 326
-165 198
-201 -657
452 -550
-7 484
944 -349
48 893
616 -451
15 718
-26 -560
870 900
-42 -945
-17 508
-538 -178
-553 925
-738 -909
789 807
-467 -588
-794 773
-527 208
428 -67
753 124
-109 -51
-356 469
-791 -852
456 -214
84 156
-594 45
651 -488
974 225
525 122
586 192
173 102
487 112
154 -768
-952 256
276 -638
580 262
-445 -104
739 967
40 -33
789 -688
489 -550
24 -861
662 -232
-878 -133
-364 -842
-358 263
-894 -251
-327 863
572 626
570 -643
-703 -707
-321 -956
913 289
103 -259
-763 952
-811 327
59 284
-524 341
212 864
621 -879
289 716
-20 -178
711 229
652 661
-218 -861
-15 -965
446 -587
-447 132
-274 -83
-408 -967
-310 -240
-967 -913
874 -190
-913 -861
686 20
-133 -175
-7 724
-635 -494
-59 954
-794 571
-652 44
-588 -619
277 296
-832 945
369 -133
-291 8
-409 -714
-201 -922
760 70
850 336
493 695
-500 -751
-934 946
-546 -893
488 -576
486 -725
-274 302
-299 309
-404 726
910 928
990 909
303 343
-521 398
-325 740
418 57
201 144
803 -117
286 -961
-773 10
883 -566
33 626
942 939
-222 -788
80 65
863 420
789 731
-55 857
-214 -940
364 -623
89 -57
-591 143
-68 795
-624 -97
308 704
157 -683
-793 -313
196 -812
-875 -774
868 774
994 -737
959 301
867 855
270 -378
732 505
-742 180
-793 -22
-106 -636
-847 -277
799 566
418 446
151 -625
-591 817
366 -520
-486 -355
620 670
-438 -456
793 495
311 808
843 886
877 -270
-80 324
500 -197
282 267
-961 -306
-131 875
-757 622
617 -507
-58 -277
-529 -906
-228 -526
-635 -508
770 -280
-962 288
-432 62
-512 98
479 354
907 427
506 -948
857 -252
-841 948
-959 -584
-822 120
-410 391
607 -42
-456 -985
260 -700
-199 -650
-931 -843
40 -936
-482 433
-21 809
-521 -360
79 -950
356 -195
6 207
167 -719
-992 -728
-314 243
-866 682
610 554
-354 678
559 507
-660 805
-252 792
-206 -625
-134 243
-809 86
586 -108
-396 835
490 -256
235 543
-126 -801
329 -532
-44 -643
175 738
988 -447
769 -522
316 152
593 -256
-643 -60
-697 -139
990 -394
-584 602
974 154
-733 833
-922 -948
243 479
-995 250
-231 -941
-89 991
-240 -25
-477 -20
179 -754
972 -755
149 109
382 -823
889 563
-515 -585
443 632
794 -723
417 -569
70 326
-535 -83
-278 100
658 -315
-769 -512
-544 926
881 483
-924 -161
229 -964
-585 408
908 -694
288 -829
764 -407
771 -405
643 251
-868 -864
-677 -763
-300 69
-923 -817
713 903
824 185
943 241
54 268
-41 173
-292 -684
-338 -638
763 605
238 -306
-750 -302
-610 122
120 771
564 -689
-534 494
50 375
-572 797
-411 -705
-482 382
-534 22
-771 -30
-548 219
-369 -158
-945 860
393 991
252 810
-645 588
559 576
-243 20
-107 396
175 -12
-329 303
878 285
-854 104
-558 -321
63 -59
-159 -629
859 -72
229 -912
-450 -302
-979 -28
260 -675
-98 486
731 -716
952 -298
300 -950
-710 760
308 -682
718 -586
524 -876
184 458
922 309
60 957
773 -706
987 -961
-675 804
353 699
-227 852
-874 990
-993 624
443 292
-139 21
431 198
403 -405
-445 -237
657 -783
653 -153
-17 172
285 -172
317 921
214 -702
-557 -989
805 -910
-824 -660
-647 210
688 -870
-65 -709
125 -476
559 471
917 87
918 -454
-147 -182
119 -281
-886 746
-414 891
39 -549
-29 357
533 961
-231 239
-3 -528
-836 -276
-539 872
653 -398
194 539
601 757
440 -84
867 -534
-52 953
-415 -398
609 492
-424 -283
-325 -15
-120 907
-915 186
-351 180
583 -596
571 -835
278 -969
498 -67
-999 -723
207 770
705 10
235 469
680 -932
584 -482
288 288
-249 -381
276 -108
-363 -380
-364 564
398 -939
494 914
897 331
192 949
-633 140
121 -128
293 412
-384 435
-222 -595
794 -641
725 833
663 -465
-204 -346
-270 -439
-956 717
-457 357
54 -236
427 -143
-926 682
-896 574
414 -716
-103 771
733 -720
-247 -134
-758 723
-466 -349
-696 -590
-688 -426
-113 693
-604 85
-396 -571
-194 425
208 237
-949 -123
-510 96
-309 11
144 -38
-845 619
916 12
-363 620
-191 209
453 623
453 205
754 -286
573 -945
-600 -737
-392 852
687 -704
718 354
-847 473
-414 -538
304 72
-884 236
-882 -90
250 -180
-521 184
-552 -716
-139 38
602 -514
-244 -907
201 -869
-632 -662
-376 -4
-163 -675
-157 -991
-592 -556
-614 -472
512 -940
-151 -579
452 -75
4 705
-363 -245
-557 469
-533 363
-247 -215
746 -24
-92 919
422 -931
-981 -283
-947 796
-777 -330
901 805
165 -991
-304 814
734 854
-708 -664
939 370
-958 -123
-3 -44
988 -802
-993 -80
-72 844
547 -673
-172 -195
633 -955
391 -373
-767 571
-542 109
475 278
-435 -808
-16 -509
-227 979
293 -706
-403 -290
-361 -396
256 510
721 -525
-164 510
315 -885
-134 -39
-960 737
468 -843
-852 -259
-162 591
746 414
-958 531
300 -852
-212 306
-333 -180
-798 -969
-203 -543
-272 386
138 -88
-238 -346
253 684
-941 321
-10 173
-790 -593
-567 329
-391 -749
-25 -799
-639 -987
408 -929
540 -526
-848 250
-63 853
907 -444
-692 -553
354 -142
-989 809
61 489
90 -630
-211 -986
-264 678
493 110
692 -62
230 770
170 734
813 -664
931 -187
-885 248
170 52
-76 -41
195 417
498 -972
-534 897
-840 -549
442 248
686 346
615 -904
486 -406
-26 352
196 -919
532 -817
593 982
-320 -706
300 22
96 797
-715 578
967 -704
460 194
112 -798
197 865
128 816
-674 -193
-816 -283
-875 419
-838 -972
289 625
-190 346
-856 -720
833 -478
253 267
-411 -886
-384 682
-319 258
-96 -500
-225 870
748 931
-682 -646
-855 -929
24 -50
936 506
690 531
665 473
-364 -833
-788 640
962 358
-724 467
762 444
390 669
-692 822
-512 -330
222 -292
411 769
354 -143
987 -299
526 -135
441 908
349 -596
-74 290
272 455
571 342
152 166
507 -132
-333 -290
473 -656
-614 -856
-36 312
508 -978
-959 493
-626 601
-413 -341
509 566
1000 45
384 711
581 29
386 -341
-725 978
-85 -597
532 -63
384 869
250 -700
168 760
659 -111
488 -786
-648 426
83 469
-981 -834
524 -754
-155 595
125 62
-423 350
974 -760
-224 705
93 957
304 -92
-216 -955
711 272
963 -558
116 520
-706 -496
401 940
-744 -24
-363 555
477 -925
141 208
96 857
-728 442
679 -204
19 -219
149 14
-757 702
908 -590
527 -499
-376 676
176 603
523 544
662 -969
-161 79
-945 612
-704 -60
722 257
723 -53
-646 387
-849 -345
356 -578
797 -254
681 855
918 853
152 868
248 -826
-70 -131
-102 450
-442 -24
385 -244
-354 969
-286 -787
-528 -22
220 -356
109 -441
-35 890
-86 372
-768 456
14 -520
508 190
-335 -417
-337 809
609 95
794 -165
602 455
634 189
225 -979
-352 478
-717 142
-390 10
620 -604
-840 991
-747 -312
965 -964
-592 297
97 306
406 -289
-401 -258
-537 618
18 196
936 943
-248 -50
-84 -749
614 807
-39 -324
-899 946
805 915
-593 974
844 -367
352 968
1 -677
-476 -273
-54 663
-703 -582
856 -547
465 455
-828 648
-395 25
218 336
-291 -300
787 796
-265 947
-129 792
498 -357
-258 -35
-645 620
-258 903
-895 463
931 -985
230 198
941 81
94 944
832 -605
-652 -657
-828 398
-871 119
-560 900
-153 -69
-345 975
478 751
813 -917
501 -576
-879 -400
754 -922
-934 749
-523 -537
660 256
845 843
-745 -486
238 -902
226 -420
933 -227
-768 805
703 -897
310 -480
-680 343
-593 -126
-862 803
637 -996
-249 -483
252 204
-794 731
428 740
-507 -999
35 -593
790 376
313 -70
-433 -322
-204 -109
-53 170
585 118
-139 37
-441 274
-985 14
23 685
744 369
-135 -609
977 858
-69 202
404 -508
940 283
260 525
-621 481
-646 -502
-436 -567
118 -792
827 358
777 -114
363 -978
603 -285
641 289
-323 781
61 -453
776 588
410 661
-732 -76
-542 144
293 -683
-328 -882
-781 -324
606 736
-878 204
-687 784
-53 -289
128 -462
-602 771
-388 889
-512 893
-154 251
181 596
-930 -264
105 -810
-760 523
-899 984
-914 -827
-803 -744
283 712
554 -657
-505 -394
535 -218
792 -988
169 -791
877 -396
-329 -75
822 -596
-246 643
606 -911
127 -154
792 493
970 -284
503 -716
580 -111
32 246
323 -96
873 -374
841 -262
903 -466
580 70
683 925
-61 -740
935 -231
-150 -499
224 508
-471 949
-737 706
217 -905
307 586
277 27
158 806
108 -363
-920 407
996 490
622 509
-392 -60
-366 285
189 -173
892 -407
-204 -193
-28 -374
-533 987
818 -800
-568 587
-41 993
498 758
149 930
-903 997
659 -523
-319 797
-48 -430
-184 808
277 -156
-208 113
253 -374
-148 -200
-942 -493
890 -58
860 -230
77 651
-934 -360
244 -447
-336 -823
811 745
426 -214
104 29
-957 -510
-323 -194
791 -8
136 -382
416 337
-32 -391
-936 634
11 -503
91 -358
-593 190
-421 -466
256 518
-655 631
-432 188
-112 68
598 -168
537 260
563 298
-293 -681
722 -579
234 531
962 877
-426 -213
-549 124
-419 817
82 -641
906 -628
217 26
-734 970
-860 -756
828 -104
-980 871
537 670
59 695
929 -65
-691 -210
74 -821
31 574
-805 -749
-320 463
779 187
366 -475
280 -761
-356 -605
-631 38
298 971
862 -323
537 14
-166 -328
399 440
-491 590
965 243
450 523
490 -839
780 -433
390 -922
-88 374
-129 -357
-822 374
-898 47
-314 -262
-814 151
304 788
-296 251
-572 -599
-450 -757
-934 861
570 474
363 -104
507 -223
-837 838
414 -38
26 976
-489 559
231 -978
-613 129
663 1000
367 257
-806 -312
900 -109
914 -861
946 31
893 -612
-213 346
471 677
217 -339
806 265
142 401
-659 -146
956 86
-276 -208
953 -967
-315 198
-181 693
-839 111
965 -267
-219 -529
867 -130
633 -667
-825 -698
-44 151
864 438
-761 -983
-83 919
500 -158
906 -522
662 -594
948 974
-933 977
-842 -385
-646 26
-440 -624
562 -203
-829 307
65 -663
442 620
291 221
-659 27
927 -127
-586 -260
-726 -78
-942 -748
716 -411
209 317
321 882
-309 552
-679 -128
-567 -803
162 -472
168 -52
704 -762
681 708
408 482
-876 -766
-697 613
782 87
405 396
-197 -622
-728 -554
433 867
746 861
722 898
-21 2
-45 -176
-475 840
-932 693
-962 558
613 413
-727 -337
-931 533
-849 -466
-225 298
261 802
747 807
-738 815
643 320
151 820
936 -295
-502 -588
-639 482
906 -14
-583 -885
91 -249
-399 -217
6 -827
-64 -856
-754 980
-234 938
-651 334
756 83
-125 939
-374 251
-611 -940
-98 965
191 -701
468 -412
234 416
365 -33
930 661
71 -567
-662 5
706 -173
928 431
-200 799
302 -774
308 412
-650 620
379 564
-338 -464
-428 472
-619 -3
-366 778
361 116
254 264
400 -938
-921 863
-262 216
-300 203
552 166
826 388
501 712
-868 -297
17 347
-941 565
279 884
-393 -993
-358 692
-562 -59
-937 362
-841 222
622 -7
100 -388
-511 727
-61 375
