9652
-733 -668
804 451
458 83
978 194
535 585
-478 -462
265 753
129 898
-185 823
780 -175
-439 317
1 41
35 240
-721 -164
808 -873
124 271
661 -196
133 -899
595 504
-830 -348
-495 863
714 378
-320 169
228 -989
198 921
759 -957
-864 -472
-106 -881
196 925
87 698
278 846
-372 -314
977 -970
370 343
97 481
207 -789
-271 -544
-509 -107
-930 -191
266 -103
-377 -775
93 485
-422 -322
808 599
-554 -883
-387 -101
-646 -328
292 891
140 38
339 415
610 -939
-584 228
197 831
810 218
-207 33
19 -896
644 403
-144 -932
88 293
649 892
257 -543
-419 155
608 827
760 959
-931 305
447 801
-755 -974
777 75
92 -148
665 -257
-428 -25
600 49
-690 830
-83 586
274 -996
572 64
-491 -247
-414 594
-352 -603
359 663
344 -777
-985 71
516 544
-572 912
-205 -93
-56 -57
-228 303
-756 628
-470 -340
-928 853
-611 1000
918 -814
182 608
189 -261
-893 516
-883 622
531 -309
178 -617
-534 497
-513 -456
648 354
319 876
759 -428
327 -465
82 46
889 664
-511 168
-404 603
77 12
-571 -60
364 -538
-601 747
-932 508
383 29
-228 -717
-722 -74
939 258
-622 -159
-873 -435
-25 214
720 -705
-440 -408
-762 -654
-776 345
508 151
50 -361
-814 172
-563 94
-526 -661
-900 576
-836 767
-727 196
-780 -81
-210 -496
347 -499
-202 -154
-352 -265
995 -797
873 190
-379 611
229 509
832 132
-188 210
-364 782
-1000 -85
167 65
-555 -959
118 428
-303 -108
496 575
-854 -708
-167 -377
803 748
681 341
140 -788
-451 464
625 -903
877 -388
685 -896
-886 416
-507 -281
-700 998
-969 -681
-200 805
-568 -759
26 -29
-469 930
-607 191
775 -8
730 -934
-282 -514
-350 516
953 -333
315 605
943 743
-160 -753
566 332
-230 -539
411 -207
-209 38
-119 730
961 5
791 55
109 827
-380 238
323 -211
86 -664
-23 11
-875 525
-299 771
80 -810
-451 196
-581 -345
-929 49
-111 -510
537 766
-652 139
812 504
933 -726
-37 -943
255 299
-346 127
950 38
359 12
-936 -468
-815 534
-506 258
887 916
807 804
620 531
945 -895
213 788
-775 -176
-80 -500
769 -329
-259 854
922 -652
-687 32
921 649
-164 356
-549 -600
120 734
52 31
-75 92
-436 -865
-610 670
-44 677
834 609
-928 -601
21 969
456 665
564 -155
-878 -341
177 -535
796 205
44 405
404 -56
84 274
303 -928
112 938
-811 -397
-766 399
284 711
171 224
-359 -695
-238 -441
47 -400
620 -471
198 -925
-597 306
12 -34
488 -668
203 -296
320 -376
-708 -791
933 -778
539 561
-295 -199
364 743
-134 -556
-306 -195
-727 -764
283 -898
-46 -336
-790 624
-65 362
632 -676
719 66
-249 -364
-81 166
-985 -336
956 121
-867 770
-387 361
873 -986
406 42
-983 -721
357 -379
-143 -839
809 114
225 -920
-736 430
-146 -92
158 -291
488 252
-361 -576
64 -318
-476 -34
123 842
-924 973
5 -993
201 -267
628 739
453 526
396 -146
605 -637
-987 548
-177 322
668 -207
-939 -975
-87 -594
-761 -955
-138 199
-240 936
632 -30
365 24
-749 -960
646 -265
901 345
-970 14
392 -526
71 -830
52 -824
441 -824
-250 674
-775 715
930 -220
698 -854
-118 -937
-916 -711
-874 249
-141 699
-16 -689
449 -383
188 211
-459 197
527 -634
970 7
-445 -505
-386 -92
-661 476
-825 -496
526 -817
363 -106
303 -990
805 931
531 298
227 214
-424 -991
-151 -644
-436 900
-516 -985
866 -934
307 790
565 -330
945 285
-546 879
224 -980
-316 985
-705 -504
-968 157
-691 414
-420 18
493 -224
71 -892
-185 118
-810 914
711 639
-581 -971
137 397
-143 921
255 -765
-523 391
705 516
-81 -899
713 -967
-344 407
-880 631
-827 -336
160 -436
-730 -256
-195 -220
605 -373
681 -115
-540 729
881 442
-938 871
735 969
-213 956
-618 -777
183 -858
805 -378
590 -46
429 -839
590 -745
607 -245
448 758
140 -86
-273 -539
-472 795
-122 654
912 64
-178 581
-715 -493
574 -128
-544 138
106 14
265 -508
-728 -730
-371 -755
288 -965
-533 811
-354 42
-54 44
-169 -416
-792 342
-462 750
184 -718
-225 -54
-940 210
133 -106
-838 724
-504 5
752 -843
-61 -995
-535 40
-372 132
-495 -762
815 111
433 668
833 -830
627 -349
-944 392
-253 -909
859 -893
969 674
517 543
-950 493
722 -964
-122 -676
643 -875
-357 613
-709 995
167 31
-411 -77
745 -736
-739 -237
55 803
303 585
-458 355
166 598
921 -805
672 680
-361 649
296 -272
-198 37
-195 796
716 -872
640 889
-782 496
-98 -140
-378 424
-776 236
559 -681
-148 -855
137 -226
113 -873
-515 -563
-939 -205
-868 -478
878 134
725 -103
491 55
-75 436
-997 353
945 409
185 460
972 -378
-424 924
499 383
-65 -838
-491 62
196 -504
-686 -756
947 709
289 325
528 -433
-967 837
746 835
862 836
-238 691
145 631
458 368
-186 894
-176 -581
894 -534
-150 297
-877 -265
239 247
583 300
431 -392
-472 648
144 45
-274 -189
177 -930
699 -792
471 -796
-700 71
799 -261
363 764
-25 -62
798 601
936 -103
-925 -195
397 494
859 671
-287 -456
-470 -754
-690 732
585 469
300 397
598 188
-223 977
646 -479
-620 -24
-589 -248
-786 721
708 -616
873 954
94 794
173 -221
-168 -716
374 304
56 -43
-150 274
354 411
-928 773
650 -361
-321 -278
-414 -861
-881 -318
-565 -864
242 -684
-879 944
-681 69
65 327
-607 567
866 -340
302 -813
480 -695
547 -539
323 -944
-335 -380
704 -464
-760 393
392 358
-822 767
-389 623
642 -525
282 -983
-501 404
588 70
756 -146
712 777
371 399
-702 476
924 401
-303 28
-566 -788
54 313
-146 -647
-82 -187
-65 -285
175 571
-562 -383
-698 -466
168 -58
-718 -759
-179 -739
-201 -308
489 547
-562 -738
258 300
-66 -561
709 -527
991 579
-998 881
-32 -938
393 41
370 311
-174 98
-645 564
-213 -177
563 -633
-193 -842
-245 364
-12 876
579 -693
345 674
111 861
292 -363
-498 -274
880 42
-30 204
871 473
-332 882
-662 265
-190 276
893 879
-157 -958
-745 -776
605 878
-682 -486
354 549
714 548
-920 -386
-278 62
978 -887
623 -579
-270 95
-530 859
-928 905
-936 245
-671 -764
-500 390
560 -936
33 -686
539 -821
632 599
-454 -904
214 50
315 111
-654 546
-454 899
56 737
86 983
-897 653
878 884
-605 -684
448 -77
362 563
712 -266
-462 206
128 37
83 110
-29 -849
956 225
-409 -580
-716 566
84 792
-225 410
910 244
-925 -718
236 -587
497 -956
268 -97
259 332
-657 -380
520 829
-989 830
403 -440
-301 -94
-459 -567
681 -76
563 124
125 125
-717 -537
-198 -636
560 -443
-208 -435
58 -364
344 401
231 -185
655 -88
-70 -372
536 601
723 102
-465 611
494 785
-309 -611
-668 289
670 312
-231 941
-71 103
-77 951
-969 816
707 68
-562 -700
267 -768
-810 -234
-792 -611
22 -788
-760 845
137 211
395 500
202 412
336 -629
143 326
862 227
98 -32
-468 -478
83 442
968 -287
-325 -570
424 -381
739 460
-874 75
-413 752
-214 -322
-642 -543
282 847
989 916
-182 -430
412 -154
533 367
-300 456
228 -905
650 386
443 952
51 -705
-609 -216
-957 -100
-66 -710
381 190
-808 685
617 -9
416 -508
364 -165
449 -906
-783 6
-916 656
890 -572
287 -457
-398 445
752 -612
-166 -274
-340 251
151 -665
536 944
-981 998
-330 515
52 -554
964 51
-109 -988
38 777
-164 -162
-400 293
614 664
441 -944
983 -589
-475 -942
-639 -522
245 987
-460 -259
-195 275
-899 -923
-375 -520
416 -474
496 -935
545 516
-647 485
582 135
-196 -932
-278 531
786 504
891 756
-53 -257
-560 897
737 716
46 -333
-404 275
739 633
591 527
-930 -194
642 418
-543 -965
774 -266
-719 -141
466 729
451 -788
481 -38
431 817
-596 817
729 -690
990 -652
367 -289
-223 -35
-664 -677
-860 -39
44 32
-159 -569
-911 840
39 -981
-512 580
-978 -488
315 558
-349 878
-594 731
71 -828
-562 -246
-375 -377
-151 94
-961 676
717 -600
5 -914
36 -579
421 -29
-843 -876
-964 -502
736 406
586 -470
-37 -236
269 341
-776 -88
154 207
932 -459
-926 254
992 440
354 -102
-464 940
258 168
578 -107
497 -306
519 -723
46 22
-31 -310
834 -825
-744 157
-413 779
870 227
-348 -606
216 -487
789 284
-363 -875
963 35
940 709
-143 28
-572 -917
-247 -94
134 624
0 187
-640 -441
-48 132
-5 573
681 471
14 737
712 -83
591 -901
852 -721
338 -724
985 -616
6 407
-292 314
407 788
195 -386
532 -415
453 -860
61 -173
805 608
-528 508
61 586
-481 -737
456 -274
700 -957
-316 974
238 110
-7 440
-676 -878
729 -415
-991 -191
-765 -977
-851 -730
503 623
-494 77
86 288
-566 364
-254 397
948 855
-885 -526
350 588
701 -712
763 -597
376 866
206 -302
-879 -334
-312 696
720 976
-116 -457
937 59
457 -497
419 413
-926 659
-522 -520
146 -365
125 300
203 828
-416 554
-777 954
-53 977
-281 29
-764 949
-566 -245
449 340
88 568
621 -422
-552 286
-667 344
-911 -310
635 -680
918 211
-165 42
382 -474
137 -564
547 499
-811 566
954 765
75 -648
519 233
51 -406
-136 -433
871 -862
472 -236
831 -48
-173 81
-967 -851
460 153
378 891
872 498
-835 920
-774 53
346 -689
291 255
-214 -584
-177 365
257 91
358 704
21 685
-192 -949
-547 -526
962 -227
192 -335
-867 -57
-403 -975
-829 -824
-457 365
8 492
-340 12
709 930
494 383
-867 -887
-512 -641
-952 -535
475 -135
336 -922
622 949
-108 -107
-953 587
250 -114
-74 814
-82 476
252 295
-441 351
2 585
-645 444
235 338
161 -844
110 768
755 -522
530 511
59 3
575 -683
-613 775
745 -371
448 -46
-606 -50
669 174
-124 -493
667 -456
655 854
-906 137
-385 -92
-545 -931
-657 -934
-102 530
-435 641
-687 -290
4 673
6 86
110 -56
-736 -45
-386 -296
-306 768
-534 -967
-527 -752
944 -921
-74 -20
-270 -118
526 -357
262 -429
244 166
-94 985
-353 -3
897 -948
152 305
872 681
-130 -529
302 149
970 611
231 929
-849 -932
870 10
299 -206
531 -924
-504 353
-503 -69
830 914
-47 382
-607 516
-647 -190
557 -722
471 875
215 -139
-366 984
989 149
157 -258
-570 -657
-743 256
-209 473
128 424
-454 -807
776 -658
892 -314
790 207
400 -31
850 279
-601 919
647 -646
889 -159
674 243
0 720
138 -206
171 -371
-377 -157
-937 940
-534 -313
-438 613
236 582
681 -866
-584 -80
570 261
-295 950
994 -715
-215 -671
-808 -314
239 784
-724 606
-646 518
844 -941
289 169
2 505
681 -724
-461 366
-41 -131
584 539
-426 -493
-694 -954
-453 906
-155 754
895 813
906 -608
652 -359
-279 -300
852 536
-62 833
-683 429
-902 -34
479 40
179 -519
-455 -934
504 581
509 -271
-244 573
462 859
197 798
-981 -622
-723 -514
-669 -612
147 -81
198 279
-687 17
96 663
-563 800
-489 -220
-651 836
387 -365
-290 7
174 -886
-406 -192
460 25
-48 -588
855 -181
-278 533
339 -226
227 -979
-722 983
-103 -381
849 817
-909 304
-806 53
-561 -262
865 516
94 -104
-442 -61
-874 24
735 -996
-837 -796
-170 -938
-921 -153
811 662
111 -41
977 -491
803 313
-477 -534
-899 532
-784 -104
-404 557
196 537
-265 -458
890 787
790 -194
489 -748
-33 89
-189 -767
-958 696
-655 -783
625 -948
526 42
989 523
576 926
-851 848
285 -356
-788 -203
-929 -781
627 -861
273 -972
-15 -670
133 -335
-692 296
-269 337
395 -271
-856 -839
-935 -252
761 -592
-374 145
-251 -468
-969 -657
782 405
-776 -145
-485 204
362 432
-655 436
-32 -26
-314 572
689 -292
142 704
-855 705
81 -299
-626 533
695 924
968 26
759 -433
-571 -529
24 -539
-528 290
-188 -172
-823 -852
711 -44
-487 457
253 -673
565 -800
995 455
222 -123
-732 -355
-96 495
410 -573
-964 -596
718 599
-569 780
262 753
268 -202
60 500
159 -940
-182 -100
-103 -888
-25 312
-37 975
367 -809
745 -629
-245 -360
630 326
-420 -607
-181 -878
373 823
158 -837
-692 120
-540 -756
481 -527
-445 -327
909 -619
473 -596
-870 557
-155 -764
-242 -76
-54 196
-579 883
-325 -348
530 913
-764 598
161 -913
-882 692
299 -650
147 -316
69 154
880 235
-172 -647
-144 26
165 -731
-93 503
-472 -686
587 -829
971 217
977 -132
-75 -28
365 -880
-393 -812
-329 -300
-86 -43
513 785
235 -542
-804 -538
190 886
-456 185
-795 -804
-640 -722
-610 -691
654 -802
-817 -242
-219 342
-336 431
-258 348
290 -870
614 -987
981 894
415 -99
-706 777
871 -777
190 -86
289 -267
-264 392
492 243
292 -610
681 -673
-205 980
710 979
759 173
-355 29
480 -659
552 -103
-714 4
687 -397
485 -933
274 -239
-290 901
-644 94
-613 649
83 -575
-718 -129
-231 775
-163 783
-316 321
-178 -598
383 98
778 -111
-618 266
561 297
442 -577
941 617
986 647
-247 130
-661 653
-222 -82
660 -879
543 -95
123 820
950 -414
178 397
-274 720
-934 -469
653 113
697 -410
348 -809
-100 194
-147 -223
916 222
-791 -240
742 -902
960 62
115 53
159 239
304 136
71 23
-918 583
243 467
102 858
-756 753
512 141
-271 -302
-762 460
99 -922
562 513
-408 -151
63 -135
259 -510
652 -96
-173 949
537 -976
445 -739
358 307
-53 427
900 626
667 -232
-16 152
-61 891
-271 -357
726 504
147 958
503 870
23 849
-556 -229
250 -157
214 539
-866 -416
-912 -439
-632 578
420 819
0 -136
-839 344
209 -996
-457 134
534 845
676 598
857 -510
-938 -584
-834 -869
967 471
325 -681
972 -817
-596 -118
440 681
-219 -56
72 478
247 -809
-785 -507
950 -3
-500 -423
361 -940
-242 963
-773 992
-718 902
923 726
854 -262
696 357
-711 666
-710 -458
612 663
-234 693
298 466
-569 729
130 264
-7 -989
557 -514
-865 693
-4 788
869 -904
605 411
-209 488
-234 174
-604 -980
-971 84
-44 -530
308 748
725 665
203 -868
-841 -442
872 484
-493 903
-329 339
-515 -501
934 -610
-725 -982
-10 25
-631 869
-493 257
100 553
689 -554
552 999
709 505
986 92
897 -391
339 -500
-761 253
-314 -504
544 840
-803 668
78 255
100 906
-820 348
1000 -753
-579 339
526 62
-898 645
761 331
-275 -49
-98 -417
243 864
-507 -116
-914 -319
-309 243
-913 -323
968 541
-374 -65
525 -291
676 715
-130 -272
570 881
263 -192
-91 60
384 491
-801 59
209 274
-831 954
706 595
773 821
466 -441
-148 34
-800 -644
352 59
-264 206
957 612
-601 417
575 -486
627 -878
350 -674
219 -394
708 156
184 749
-776 -863
421 -360
-942 -778
976 -953
-242 -382
-256 803
10 -310
352 -101
643 -968
847 -871
440 -7
345 723
402 -877
842 440
-875 490
172 -785
-339 -362
-665 495
359 -543
281 520
31 -42
-683 452
-546 -899
-385 -386
-245 -152
-543 274
-984 619
-688 657
-582 -782
-178 -928
530 667
317 -688
182 -778
5 463
-262 -253
402 -143
811 -322
701 -609
-20 88
-894 -78
440 682
-582 898
339 784
281 546
-33 585
779 -74
-613 436
-68 -318
271 874
-135 109
-545 147
651 -923
738 191
963 283
-616 -858
-734 -738
-377 -93
776 36
-140 -186
-953 -38
926 784
-535 50
-19 580
58 14
673 -896
-161 -192
183 -927
922 770
12 -737
997 -426
651 365
744 923
-596 743
-966 -116
911 529
304 540
-788 -575
-165 -782
-25 359
817 222
536 790
-765 -689
57 -694
-456 -514
-132 375
-710 -337
801 -672
758 452
-638 -193
-219 722
-876 169
228 -359
-732 366
-716 -309
855 276
-583 -806
-298 615
116 267
-36 -58
-772 -968
-126 -988
930 982
-46 260
-773 300
-321 -417
-906 659
-892 996
-658 666
64 504
-731 -886
-667 -585
-295 -896
-281 473
271 306
125 258
-543 -900
-996 -962
-538 122
-947 -973
-384 -668
814 393
932 283
-340 -72
-238 -770
-285 -793
16 387
-969 110
829 133
-205 -167
226 560
-332 144
-599 156
-438 -750
-104 128
-520 -452
257 317
352 533
212 -168
31 -838
395 -642
77 441
670 16
-170 -580
899 -17
82 -759
835 -462
-156 -941
-185 946
-174 -548
537 360
32 540
382 -744
-694 462
602 302
-871 -242
362 965
398 -959
-472 -6
-981 979
469 864
316 -436
-357 94
-730 900
-142 -747
-191 633
141 -671
317 -753
337 354
890 -460
-546 -581
476 -321
-780 -802
-882 -670
463 898
-963 193
-791 -568
-68 -152
733 -951
-673 -43
-36 539
505 -369
-485 544
310 867
-689 732
193 220
-371 310
478 -644
-439 181
-871 -202
109 -560
-628 -275
427 278
44 96
-262 737
525 -32
-647 -331
-160 196
-169 502
-615 -217
720 -167
-420 607
659 -105
-707 -141
394 -871
648 -428
481 -479
983 -481
400 -328
-69 -43
428 -951
-555 -777
278 158
-584 823
-992 -339
-955 968
-74 323
90 25
509 -992
-154 646
-875 64
-887 -976
-850 128
-410 -33
365 10
-220 -976
-455 360
-111 -340
-811 847
-261 -267
-687 243
499 234
-741 -203
-567 -597
-537 -634
865 720
670 621
-488 -565
-525 -479
-48 992
-348 -861
657 -463
-147 -834
-676 595
916 893
118 979
538 695
-505 986
689 -831
540 329
-932 -869
-177 -357
-382 466
652 219
-966 433
451 499
-652 597
-312 962
882 -718
0 89
266 -639
2 558
932 -834
421 -152
459 -888
-470 -8
283 -77
-556 474
241 -350
23 -475
-986 -15
-761 657
-76 379
950 -550
-962 -921
431 -650
910 397
-95 -120
-327 796
-859 -143
235 487
-774 359
-777 632
181 -87
-676 291
-899 486
-731 -103
924 -68
-153 511
241 477
-11 -392
-179 -775
-709 -452
-709 722
17 312
568 -786
648 -254
114 954
217 -911
-861 -434
607 913
278 685
971 -205
-727 -138
-813 765
448 910
-273 406
904 12
928 -32
-199 30
-364 740
-270 -50
-279 781
698 679
651 915
-807 -179
-547 961
454 720
333 -176
-514 760
-727 517
-477 -568
-40 217
599 493
-285 -955
-957 87
-283 256
-820 -118
-338 -831
-953 553
-973 66
-506 702
161 146
-229 -187
734 97
854 -256
-70 495
805 263
-771 989
-898 -766
134 283
65 20
54 3
-374 -986
214 592
-404 -122
540 -557
-159 -860
15 -146
-979 -574
-48 883
285 -887
-359 -553
439 630
221 -431
602 -361
-469 205
-226 110
-752 -34
954 804
970 -665
-590 553
-389 770
807 676
-283 961
-332 -248
-734 -128
695 741
-182 879
-484 -920
137 355
-508 953
46 798
-986 908
806 -236
201 94
786 -206
-931 -391
-62 799
645 -701
803 324
562 -143
173 -425
216 471
852 958
-325 285
-488 262
-687 379
536 751
-246 -49
-687 -460
678 743
-472 -140
831 -760
405 286
-856 352
-154 -348
-961 -987
-653 -528
-943 -578
-296 -892
164 759
634 508
-564 -392
8 279
-469 -648
-36 -658
-529 -493
-648 -808
-371 223
313 543
61 -28
325 663
562 801
484 756
-895 -3
628 -491
-686 688
345 190
259 298
186 -311
840 863
-703 288
85 376
99 -232
588 -205
867 -48
-62 -277
647 241
120 -398
-601 -113
-462 278
514 -548
863 844
-95 409
425 65
279 -801
426 -731
761 751
-319 477
744 -26
-623 -233
-973 74
-739 300
59 899
-873 776
291 753
-472 723
656 336
799 408
-67 28
362 -785
-517 -683
887 752
142 338
804 -587
-277 530
929 -816
-728 -534
250 -190
196 958
-477 490
446 961
616 321
-627 910
208 -501
537 590
88 165
-807 739
415 84
349 -455
-441 419
-395 -314
-699 141
832 -297
960 36
909 673
471 775
-178 461
-662 245
538 -378
504 838
-405 491
354 886
297 943
74 689
-204 -371
-665 399
438 460
598 -82
-267 -720
-331 -209
-305 959
-746 -372
-344 -316
182 -49
-484 726
-110 296
873 -321
-25 -446
275 -175
81 490
-611 -360
-943 519
3 -103
987 -874
-846 766
-340 -208
775 -788
928 -294
-170 230
658 -899
416 57
259 394
-826 202
890 -167
-216 -769
-839 -199
-570 511
219 -559
-494 -932
-860 194
-740 -388
-224 500
-81 -425
-164 434
-859 317
572 -521
497 -793
-863 -217
-360 608
27 550
-201 -317
670 -241
-669 946
297 -712
125 -754
592 469
297 15
0 -125
-842 -5
687 437
-52 370
358 -375
-318 -824
-758 449
429 21
727 1
-388 736
-871 795
248 916
34 -822
-863 996
-967 308
980 -62
88 -372
-448 655
806 142
-151 200
-550 83
456 -43
-193 -133
-684 896
-777 -824
540 -605
-889 420
332 562
254 807
310 787
396 263
-500 -12
-896 831
600 461
-669 679
783 -286
94 988
-575 976
-262 -210
-850 782
516 -548
-756 570
477 742
347 797
-786 -615
989 850
366 791
-613 622
-412 587
441 100
70 -314
-997 -590
-381 -939
-910 -945
-748 621
454 358
209 484
895 251
546 -908
-635 -720
-66 -411
-861 103
98 131
-533 392
74 689
958 -813
-418 875
-681 -245
543 -941
-267 -520
569 858
361 -584
676 -402
17 -392
-886 -80
-429 719
660 -642
618 453
510 336
-744 -763
-777 685
107 841
-706 -803
-330 745
-465 993
-425 103
-467 530
564 -612
682 -336
570 344
-127 165
696 348
794 -951
296 -776
896 140
-93 427
-894 -269
-690 3
262 248
-151 229
-666 197
-648 201
-706 -852
969 98
-545 -144
60 -342
-597 118
490 -612
945 -121
632 495
825 236
10 812
-279 285
994 688
243 -313
651 207
970 -220
-413 416
380 -329
-989 -89
-170 545
607 -634
276 941
588 47
-624 710
287 -796
-911 408
-67 438
-707 176
114 253
923 10
-808 -6
-505 790
-292 388
-256 714
-281 -407
-681 576
732 -183
-326 -925
146 727
498 778
673 -14
-501 -998
-239 -488
148 -657
-82 -351
536 -529
571 509
-898 908
754 -165
521 814
159 553
-849 -605
-102 -780
-399 -304
620 842
514 -352
409 19
184 125
274 625
202 -194
671 575
527 -120
-244 217
-691 407
896 -333
-82 -302
315 -827
187 621
94 -133
-46 -514
342 -161
-633 -562
-521 873
101 -974
-464 -134
631 162
-488 948
519 840
221 -841
-160 -379
-925 553
228 -630
-458 8
-409 -359
443 -486
339 -724
-985 -476
-989 -799
135 219
727 -409
223 361
-955 -43
157 244
115 -716
545 -970
-748 -778
39 417
781 -691
-844 -799
-340 -740
-332 875
-887 313
384 115
965 356
95 193
-340 235
183 358
757 11
-534 -633
-364 -972
-519 100
924 368
481 756
-241 573
-771 -362
-826 -174
-972 -795
-267 392
-813 991
174 -516
578 241
-491 968
988 856
470 -613
-6 -76
83 -984
-888 -467
727 31
505 42
246 122
-292 -135
-40 -576
269 -537
-479 -519
986 830
-474 17
-62 800
684 955
-220 -297
-147 202
682 -137
-434 -902
-23 -914
527 -986
-748 -640
69 702
797 -304
91 44
-242 -57
259 -527
823 5
212 -270
-647 917
944 866
-383 119
-697 745
925 882
-953 -129
-426 419
-416 -976
545 562
-848 637
-187 -104
-394 318
539 -921
-599 -322
344 -22
647 979
513 -427
-671 -329
633 86
788 -369
-877 476
585 -627
-293 -262
781 434
-203 -400
265 -818
-688 -94
-177 229
-948 -531
-652 -966
433 130
136 431
970 -484
84 -498
-664 126
479 297
-487 -563
-816 -931
-366 -812
15 -407
405 788
-21 -907
-240 -245
339 851
-989 -331
-744 -615
807 -537
-104 -945
479 288
585 359
-896 -415
-844 410
-225 -310
519 -381
-420 841
907 556
-198 -723
90 -198
53 240
263 -587
-284 505
-305 -634
-205 -421
-943 851
135 -848
-111 -299
-152 -675
851 132
515 -937
334 426
-65 764
-943 848
-632 98
-934 -826
828 853
-750 -807
-915 726
668 -927
955 -956
604 -581
930 -322
-182 -95
-363 580
867 -304
-676 -786
-651 746
864 -530
310 -768
15 -225
-215 -762
-211 822
-384 872
-970 -584
476 -912
-49 -665
-797 960
389 -551
579 101
845 589
863 -848
627 34
99 495
12 538
359 415
-292 358
-712 -978
-439 996
-435 -609
-701 443
-671 668
878 93
-766 424
315 865
539 453
-299 539
679 985
-61 -603
264 -199
66 -544
-821 -338
-291 638
120 335
-970 940
-438 -407
-569 -278
339 -693
308 81
-173 371
772 -221
-754 564
-338 -923
132 18
-774 853
-114 -507
-719 145
916 811
264 174
541 340
-882 -841
818 296
707 19
-845 -749
-379 -552
-318 591
703 -930
-729 -561
398 -31
605 601
878 119
-937 -960
-16 -15
366 579
-404 504
-36 -280
333 -246
-304 -94
659 -879
382 151
401 -596
488 -546
167 -742
-685 778
-745 644
-185 -140
775 -322
862 257
793 -794
-326 -914
-559 391
410 385
74 -377
855 878
337 -939
585 -645
935 120
-823 -708
-220 -209
-726 -510
-763 868
-439 162
-21 463
-721 -569
-299 633
-274 -373
-672 -127
-125 984
-312 876
-268 -106
859 -860
794 -471
-847 757
-506 921
-150 -401
-77 -70
262 -794
92 -212
-117 301
-928 -370
593 -799
352 -696
-710 -523
19 -294
-185 -521
-627 113
-273 680
815 -516
-111 148
-528 97
-574 -777
-567 115
844 218
697 -615
-976 805
390 -365
340 208
124 734
414 832
-589 -156
-628 -143
-59 430
154 389
402 824
908 -297
608 601
-103 -944
528 -752
389 -582
-866 -423
-228 -640
-219 -516
649 861
725 -581
125 -620
-428 93
828 -40
816 855
-386 984
494 -606
-827 -924
-29 464
371 -731
140 927
393 234
644 -468
529 -102
155 -597
599 -227
-224 -561
684 -328
410 796
382 572
-816 915
16 402
-354 555
-701 890
779 988
861 551
979 458
-846 629
-413 758
111 848
-804 741
886 -444
-33 -102
910 -568
-332 428
-984 -933
514 128
-427 -40
-687 53
767 -324
-672 -580
-275 -634
422 -214
-318 -129
-389 -65
-47 968
163 665
214 -619
961 307
412 -905
-723 -843
806 660
807 954
54 -985
-336 528
212 572
221 -382
-116 121
-310 -578
18 -219
662 220
553 -792
909 -835
-686 -684
-915 -756
-205 812
-444 -13
2 -209
706 571
184 -235
8 870
-889 636
-321 580
719 -365
-465 84
596 -686
942 20
-444 -530
-751 633
669 529
380 366
-830 -995
-897 852
422 498
175 439
-596 -349
330 655
-508 191
459 472
897 -62
28 -707
306 -340
324 402
-773 -766
378 9
189 902
-948 -244
618 44
279 203
-404 434
680 -544
-392 465
-199 -801
-762 -709
-194 34
217 -623
-243 75
396 -108
-299 14
-808 257
828 970
550 -144
802 -253
19 29
-793 10
-82 366
807 -512
293 -44
-255 273
363 758
825 -531
445 40
-427 -189
111 664
-610 539
389 132
-858 805
319 563
-503 -962
318 -150
-361 473
-689 663
-872 -478
-212 -607
801 782
-677 -171
-134 516
495 444
785 -892
863 751
288 22
-251 257
-102 -260
-312 409
125 754
-488 802
532 -474
-937 -543
157 -159
914 -778
212 -929
608 -264
-93 -885
-274 709
599 985
625 682
-4 432
161 -922
-409 127
752 -483
466 100
248 -553
990 -274
-497 818
-749 -376
844 738
918 193
842 64
397 -510
811 -153
-367 209
-915 -622
-842 -300
90 -357
147 -799
-178 -940
-188 956
359 -228
479 -420
132 -345
-978 -788
-969 -767
-257 991
842 -400
-208 371
-41 -130
958 -285
-647 -377
908 -61
-444 906
28 -81
392 -833
-344 838
991 421
-473 -914
-932 -356
-835 -842
328 -142
-321 -284
-618 -543
-156 334
-896 728
-292 -681
611 -289
-536 512
-798 114
-495 -265
983 178
-264 500
63 498
-315 -56
-925 -234
858 -266
-780 -448
868 507
991 -19
-49 455
810 -894
-925 942
749 -287
-668 -340
906 -942
-286 689
298 -944
284 -930
31 809
-169 -197
30 -603
29 -421
-180 -60
381 388
453 712
605 657
746 262
-454 -92
-956 -884
-433 -208
963 949
-372 687
501 -56
-594 -626
466 -174
-116 -531
786 858
870 -490
-282 144
678 -999
409 410
231 -763
741 273
-459 -266
-165 -939
-890 382
875 558
-985 -829
549 365
320 -578
-644 922
164 179
730 414
-272 746
-512 -840
975 -881
662 -126
-890 -929
10 -159
-269 709
-216 -444
-855 -601
-914 -997
-227 -338
896 431
-975 -187
-465 -842
862 249
-647 -381
127 -572
499 190
-389 -723
-392 -112
-763 -985
-677 284
-533 -457
-239 -819
-276 -799
119 -101
768 593
-350 351
-821 524
781 520
683 -777
-409 -600
287 -347
-931 727
55 880
886 -853
-306 -124
-547 621
419 190
-507 991
183 -517
636 -152
-311 -466
849 653
-913 -486
460 -631
-360 -165
638 -516
7 -14
-965 802
349 498
434 -189
789 -713
-891 -620
826 841
858 -921
-333 25
487 -254
-940 224
651 -472
828 -243
-448 744
135 971
468 639
93 781
-414 -38
28 -290
-305 688
515 -502
248 -120
44 -267
-684 583
-724 842
225 396
-903 791
-889 -217
764 252
-923 -582
-887 426
-665 -696
-44 256
-121 192
453 875
384 213
-129 -264
169 -503
629 -73
240 -154
650 -430
-672 -46
117 970
879 -218
-261 -253
-31 -790
147 466
-690 745
104 -702
247 326
-19 672
611 -43
299 -804
-318 -231
-370 791
-461 -884
961 -877
-389 69
-970 805
76 -767
251 -555
-330 796
222 315
-549 456
818 -15
-781 370
-903 -997
-735 -527
-71 26
323 104
-893 339
-442 519
596 -205
-533 497
532 593
-295 356
439 880
423 -820
-837 403
339 471
-81 996
-366 -19
277 -739
388 135
708 982
613 505
684 459
-639 12
-904 -830
-569 124
-274 354
-252 410
-313 -302
705 -213
-917 333
708 -938
288 -815
42 -566
930 -659
1 -18
992 -642
567 405
-911 -621
-461 617
-475 -251
-997 -381
104 849
136 21
369 386
321 263
771 -466
-569 420
-442 455
-484 -953
-91 78
372 432
-793 -689
825 -166
-774 885
-498 -392
621 -311
338 490
-250 -43
-727 683
-287 608
-254 478
-718 633
-15 -760
409 -233
-98 -81
742 675
100 266
435 -81
-409 -334
500 678
-322 953
232 -682
-836 630
892 -362
582 228
-364 28
482 -580
-282 -10
579 914
-552 -179
-318 60
995 -619
-4 337
-417 -134
199 -272
-690 -248
-968 -737
-206 -114
-371 -315
817 618
-306 -179
-294 -158
-176 -23
961 -583
134 -249
365 636
377 753
666 -49
-490 984
-817 -673
-113 -160
446 38
633 827
-326 22
-731 128
825 -950
132 -82
724 -415
659 242
-313 160
-579 323
-646 -808
191 834
34 -904
797 99
-823 -811
-383 796
-49 791
-717 -84
533 647
-86 589
519 144
-305 771
431 -48
-683 -375
427 -607
639 -458
168 -272
86 20
548 341
-346 879
584 195
-597 327
108 113
-46 -253
585 -895
68 947
722 410
-860 205
673 695
-272 -119
686 174
-851 618
723 -762
468 -691
-288 -479
-848 885
671 998
923 -121
794 430
125 842
653 443
495 63
-164 688
-762 -260
102 692
326 528
937 -305
-4 151
427 -55
-537 289
-112 112
971 -574
977 -179
-817 -72
997 308
-92 497
-66 133
674 291
-932 -970
824 401
-28 471
569 585
-237 -914
827 741
715 -83
978 -673
525 -899
-607 788
809 -64
328 97
-123 -801
776 700
954 -365
-367 -134
581 591
-962 -979
-272 -173
-547 -172
-817 -412
-91 -374
256 242
-471 -727
-332 -474
-662 -12
960 -434
298 -89
-649 -335
683 548
480 -957
-544 959
-285 -768
719 872
239 461
-111 -841
-932 -705
-540 327
941 -132
-874 -313
-518 -555
510 141
-562 444
185 479
-69 -333
-749 945
-446 825
153 195
-672 -86
-498 468
-645 289
178 -431
-861 -534
-906 480
77 -885
871 963
467 -883
-495 -363
937 -203
507 682
-183 -959
490 -853
301 -249
296 -415
-909 -148
-477 542
-990 -736
627 752
339 -173
-30 797
341 343
-974 546
681 805
507 352
952 936
-38 -927
863 -909
382 634
721 598
321 800
-39 -55
218 142
-458 -32
-592 811
489 988
-735 852
-561 -752
-761 148
308 -822
823 -520
566 -952
-299 -355
625 847
-807 -243
-686 656
-521 689
-752 897
-934 294
-947 -149
-996 482
955 791
-620 978
-743 465
-839 417
783 -812
-867 659
451 477
447 689
-748 133
-744 -932
856 271
935 710
630 -601
414 -391
839 876
-266 -878
841 652
-254 -722
250 -907
-408 -248
884 928
-554 100
841 -951
-503 -215
-723 -419
168 -308
989 -946
-335 712
-752 -809
-888 -4
652 -661
-744 -575
926 -122
-312 -295
697 163
489 500
183 141
-230 937
-455 -586
446 -926
532 562
919 530
-425 681
-308 -868
-766 712
-72 -310
839 -202
464 876
922 -384
-391 203
-86 643
702 -391
507 -806
428 644
483 -317
404 -579
-161 171
304 845
-940 537
764 -319
362 857
-800 -338
151 892
-477 223
-157 -750
191 535
874 -910
-320 432
701 766
162 165
654 729
872 3
617 852
175 613
-786 -423
-207 -665
-650 74
-518 -923
-81 -397
-453 -182
-354 -885
556 -422
738 -773
-231 293
125 708
629 269
957 -803
-942 -134
-38 -574
205 76
-715 915
-844 235
-474 939
101 -826
294 357
984 240
913 528
782 -364
-903 -158
-969 -804
254 -440
8 52
-176 -105
869 -611
-549 -428
82 -10
558 971
-774 703
169 919
673 915
-323 -456
156 -562
524 -493
-938 -920
873 53
563 -626
-168 -319
375 -888
296 548
-245 -543
-201 516
-457 825
-309 125
152 -126
-146 199
331 585
144 438
-531 548
793 987
244 427
945 350
-593 -826
-93 444
517 -379
-124 525
561 420
865 -10
-772 -411
811 -492
-329 786
-63 -90
-367 -800
3 892
607 143
946 293
841 -889
-180 -47
-522 419
-388 -540
67 -790
547 -810
351 834
-237 526
574 978
47 691
-755 -742
651 -506
-583 -72
136 -14
-485 819
-162 -244
999 833
704 74
-51 -562
412 -745
987 296
356 -365
-456 788
575 -486
-66 -781
-135 838
501 950
-506 1000
388 -679
915 -584
42 -5
-7 -372
-226 -156
528 157
-213 -930
-611 885
-295 -40
-503 270
792 -853
869 425
838 -488
-206 930
-936 -368
943 -919
684 -520
180 -245
-422 -885
799 -114
439 766
-95 46
-973 -902
919 599
-958 -127
270 -396
930 271
947 -513
200 456
-665 501
-634 515
373 80
-533 -748
353 -228
-748 -999
840 702
759 996
-705 -613
463 798
-357 784
-332 962
965 -594
859 -903
173 -618
-520 342
598 285
641 551
544 99
-225 16
489 382
166 385
792 826
-357 144
-973 24
-287 -933
-59 194
-275 633
3 588
-721 -904
806 748
165 -403
796 -7
297 -612
-691 308
-489 -451
-88 -375
-252 661
662 42
-957 -634
-305 -376
-930 -506
-37 601
587 -961
559 852
46 2
-198 -914
183 -503
710 -159
-482 496
51 304
-765 137
882 -84
979 -10
-274 -266
-505 -836
176 -966
336 -205
-404 446
914 746
877 343
445 438
-258 -551
-244 -545
786 117
559 -958
688 -933
-964 21
-837 -929
149 292
732 -201
-605 982
-581 -800
136 430
953 -707
482 -642
103 -843
-896 448
-848 387
278 586
-870 -417
-796 -950
512 -177
68 248
-407 441
-966 -776
-484 -243
649 799
746 -956
-649 -970
-737 -848
-764 321
175 -275
248 -580
-441 -208
-483 -766
760 -279
-89 435
-445 598
-112 607
-460 89
-362 215
195 316
-603 928
505 33
986 710
-289 -776
-596 963
446 -967
-587 865
64 -484
-516 954
674 -317
-422 -976
487 819
732 514
-633 -7
368 -612
-155 381
-636 -536
-259 929
-786 28
508 -145
398 -810
-327 -21
-502 -983
265 617
-947 226
-761 -120
-475 651
-167 -868
-645 764
-568 -368
-755 554
-762 -694
672 -395
490 -265
107 819
-253 630
946 -956
692 -699
-280 69
514 -106
456 -659
-436 -175
-708 388
-845 -666
-656 -743
271 867
727 -733
-951 421
-691 -320
-173 -460
814 591
-98 278
-533 798
-48 867
-473 996
-534 -687
220 396
888 323
-714 890
879 -907
-170 66
-964 722
-468 -325
212 72
610 -456
-175 560
250 -166
-938 -959
-37 -106
435 -332
512 -265
-661 661
-413 904
609 -325
629 454
114 -863
276 630
-971 -546
609 -540
112 431
-916 99
339 -861
-598 -315
207 926
265 53
-276 514
-489 646
336 -321
-512 516
-665 -681
462 -96
50 147
-184 296
-179 564
177 -308
788 -688
-692 -304
445 65
157 910
-623 -24
-678 -12
-109 589
-620 28
177 -827
18 -91
-484 297
261 -175
463 193
-270 -455
-594 682
-709 546
449 193
-664 103
-96 -893
241 659
371 870
827 -266
-784 -787
640 192
-604 223
-380 -232
-651 -424
513 773
-677 757
-837 67
449 105
-253 697
-689 -411
633 17
-932 299
-209 -222
-167 -480
881 -953
-840 120
-471 520
407 900
87 -422
345 602
-914 34
-739 439
670 510
413 -979
-436 -880
-213 -69
58 312
971 364
191 630
-951 113
-468 -673
-412 -129
798 448
311 144
-668 -403
-511 249
-667 -17
723 -778
-89 469
-838 878
-14 253
721 97
329 -815
141 637
180 565
-893 -888
374 848
784 746
964 739
942 493
-548 -334
-843 90
-110 -430
-120 -825
110 -920
-456 -706
-90 528
874 -777
-825 199
-969 -189
-586 -393
-349 909
827 183
-285 863
677 -132
742 554
-958 799
117 -511
973 816
-573 -467
-686 -304
613 348
412 90
450 -992
152 -739
-158 818
724 807
810 -341
123 -16
-384 772
-621 511
138 106
247 62
130 170
-898 -454
821 929
283 -908
1000 -4
-588 365
-380 -630
217 -88
650 755
-498 142
83 -322
-17 -44
-973 513
12 -412
141 -951
598 -593
286 -273
-342 912
-214 415
-713 411
641 52
402 255
-709 935
-770 -648
-869 -977
-273 -589
770 55
-551 56
840 -936
512 49
-404 -860
587 150
4 -769
-880 503
490 -94
-449 387
312 896
590 410
943 104
728 760
-123 -918
436 -171
-438 -693
415 -244
-753 -366
214 254
-602 -202
100 7
356 -932
95 -901
707 511
-1 -426
280 355
-323 -464
-266 265
-760 -220
-44 796
716 757
-362 -922
267 944
-313 13
-852 351
382 117
585 -929
501 203
-305 -734
442 162
-591 -565
248 668
-354 322
136 510
362 29
554 -536
-209 307
-483 -502
-619 -627
580 -189
605 -293
685 -614
361 -25
607 513
-145 -548
-611 315
838 775
416 -845
-376 -838
286 -756
693 -724
181 -239
-59 -428
-576 -599
869 764
-893 263
313 658
767 204
-761 276
277 -926
230 -8
-124 -731
981 714
-191 -628
-388 55
263 -100
531 -703
-936 -261
765 799
171 554
-369 493
-602 343
874 408
330 -172
343 -989
87 728
-419 -344
320 -323
415 529
522 -27
-692 -460
623 -709
855 -716
-903 -866
-391 430
559 -132
732 739
215 498
854 31
-571 -211
-501 429
-665 782
116 -962
-596 -151
424 948
-254 382
920 -903
-902 -72
501 -273
-313 624
902 -189
-617 510
474 -584
594 -424
870 -895
608 475
553 -524
-533 -497
438 942
-892 861
927 -50
-327 -725
-375 736
949 296
428 -563
582 -506
836 -245
-19 473
-236 -940
-132 130
333 -774
226 364
-147 -351
-966 -804
-51 -432
-679 426
-841 43
446 -325
342 -572
7 -585
380 -619
987 123
-27 431
736 -686
453 -146
821 978
925 670
-147 -969
47 -43
-422 -272
-472 -80
65 636
0 -9
415 604
409 -425
934 12
-971 105
190 78
841 206
633 -442
-956 800
-359 844
-879 -990
200 141
611 498
-305 -655
187 169
813 -534
-73 -818
-545 -553
-622 950
83 178
-858 659
-385 83
72 793
497 787
-882 -300
934 408
-722 361
-633 267
201 -290
772 -413
-316 -975
-270 -841
531 -870
780 794
-420 973
999 899
74 587
957 -386
486 -811
-590 354
-269 578
-448 363
-588 324
-432 542
559 84
-30 -574
403 444
-38 163
-310 -511
-523 991
494 23
136 -617
-596 256
497 -655
271 245
491 -693
-183 337
74 -788
-991 150
-162 310
366 71
-491 -900
-997 -906
-800 -462
-281 455
273 482
-457 796
-213 791
575 614
-452 -305
855 28
725 -479
-111 241
45 -891
975 34
-480 182
144 -256
427 -733
586 914
-120 773
-136 -280
642 -422
-147 275
766 649
975 135
-971 960
-742 -672
917 -518
-349 923
-686 904
978 -335
882 -279
199 207
592 716
-775 -350
-941 -489
-437 762
868 658
-928 574
247 985
-842 103
-709 504
-835 -998
-486 706
423 -495
-488 -765
478 761
-479 885
905 -821
-384 29
187 -657
375 101
843 -648
-315 -792
-168 -525
-498 412
-754 -226
-564 392
-324 -963
-749 878
-126 -939
-349 -919
-184 -742
-748 67
-683 555
370 103
307 278
316 -313
786 23
187 -393
916 910
-668 774
916 994
660 109
29 479
490 813
-859 -650
503 -26
-181 -542
722 152
754 811
91 -948
-979 -201
724 -501
-778 -403
-421 -599
-232 941
-412 -757
46 936
-97 -698
-249 764
-521 -75
-381 505
-36 514
512 -206
495 855
911 -617
565 -696
-46 36
311 -402
124 557
-883 223
-523 -359
-768 -867
-487 75
705 -698
31 809
-904 -449
-770 898
-164 549
344 -861
368 -287
-30 -506
-625 648
-487 -732
108 342
442 932
819 -384
502 675
348 -525
-5 206
203 -572
-701 -261
910 528
370 668
486 -585
-778 -581
-81 109
780 671
28 291
893 -482
951 84
-597 -734
-973 -325
637 226
-8 -852
163 984
-147 -111
415 86
583 587
-734 86
812 -987
779 -669
951 -958
860 -408
794 -713
-982 380
-153 58
476 -707
978 535
294 175
-617 -537
-541 -393
762 -388
183 846
758 -341
-561 -15
717 -723
229 -130
-850 -926
-568 245
543 124
309 -485
-489 -883
-977 -598
11 299
355 211
-726 731
-771 -222
779 198
670 521
325 -869
107 -438
76 -157
339 -380
161 135
-541 -113
783 32
-806 -927
-790 -212
110 292
295 -345
-987 -970
-221 596
581 -15
31 -521
-509 -243
270 607
-559 -319
-773 -577
-491 -82
-491 -431
-631 -614
-92 25
-897 -242
118 -680
-706 -337
119 -888
865 608
668 717
768 -613
856 -402
645 -421
-51 -348
487 908
-899 860
-467 -386
-611 -219
-959 304
-93 142
315 996
-833 -879
-698 560
163 -118
795 92
747 -194
451 -631
595 -614
446 -332
135 386
795 555
-112 -519
345 47
-942 -333
-836 987
545 -24
624 -838
-445 -532
-529 80
-384 186
191 -822
-915 -298
206 -183
358 -497
-646 983
404 314
103 979
-926 252
498 958
335 931
501 -633
301 274
176 989
-14 -653
474 -686
8 703
435 -197
54 -725
-978 -945
143 -850
-772 -75
-772 -595
-238 952
-254 -271
-877 -492
-113 -437
-726 -495
849 -663
-361 -346
-781 -679
-503 -721
191 958
-655 608
510 236
688 15
517 -979
112 -82
515 828
-984 490
-223 -181
627 -527
734 845
-702 104
690 580
-13 146
-716 989
204 41
-196 -996
977 672
498 3
-814 196
-296 -708
-67 -963
-410 993
-709 972
-208 -796
-991 16
-473 830
-742 936
-491 668
-165 15
232 966
493 47
992 111
-375 -721
-945 -939
226 840
996 -978
-195 -319
78 -473
-789 -202
-712 -241
122 -187
228 375
907 -890
689 445
-901 -649
421 -381
970 -340
-114 231
495 -476
445 388
92 578
28 -435
-645 -683
856 603
404 369
-284 -846
-633 -938
-220 -546
505 -648
-297 82
781 -701
-397 598
-42 -668
-543 -651
-678 186
173 -798
22 -797
-221 380
-217 -761
-728 605
994 -789
-68 -231
-296 -743
-136 895
670 7
-291 729
384 263
-657 -33
329 -208
-150 -484
638 -672
-79 424
855 95
956 -876
660 206
310 -235
435 42
79 490
885 -648
322 763
-984 -530
209 13
-508 -782
-24 395
-178 -566
-712 478
201 988
-2 -910
186 -363
326 139
-293 82
-495 -733
-42 886
137 217
744 -531
446 273
30 58
722 816
-300 -234
-450 -567
682 -328
-217 -119
168 212
889 361
60 782
-158 -210
-761 79
772 459
-592 710
632 265
734 112
123 -393
395 -76
327 -254
-23 -193
-383 6
71 765
907 -540
671 790
-551 519
795 940
-496 817
-568 697
-639 -255
-912 321
-170 659
415 503
-310 74
-921 -261
-19 448
419 327
-170 -435
784 -679
629 -702
-648 674
-375 -372
139 -701
920 898
479 -697
265 -993
573 -7
931 555
-254 175
-939 244
-832 78
-971 -782
-886 444
832 179
-791 -173
260 -144
-186 -588
-866 798
5 630
111 -602
822 -72
133 172
364 327
-32 487
-106 239
758 28
345 272
192 305
879 576
-585 -674
15 -872
-886 40
45 17
-427 -631
886 -741
665 -672
215 906
-29 -78
-487 -518
-968 518
692 589
-908 803
-61 695
365 93
453 -452
385 -637
-590 440
-346 734
-920 183
-76 -375
-114 88
770 539
878 390
-661 -922
967 99
-41 -884
86 -927
-539 746
-374 742
44 85
515 -899
958 -631
-170 -466
-841 -943
-421 -55
-474 241
-290 -874
-545 351
-181 -912
142 442
-822 -960
142 -582
-494 336
-226 -116
-900 -793
339 355
-211 408
-100 -146
-528 -352
601 29
-253 -985
-793 254
712 -87
-716 -907
398 626
575 696
-687 -444
-50 460
436 387
-454 75
-58 -934
817 989
696 43
-901 -685
-170 214
-717 -518
486 882
-253 666
-459 317
-88 -112
558 178
71 -389
-491 -939
390 -183
515 -577
-979 -386
642 -566
796 566
-670 161
-82 -575
-413 -48
-772 -390
-827 -577
-813 -728
551 982
850 167
921 -534
-419 -619
-38 845
748 -495
-458 276
211 296
764 -43
-95 -212
-676 -968
-412 90
168 986
-959 -117
-105 45
-655 498
-203 -888
-86 830
255 262
-439 256
-291 541
-31 -996
-150 418
-988 -199
402 181
683 348
194 -733
328 -841
-753 932
484 823
-932 -664
-703 -319
-923 337
798 -582
-552 530
-760 86
-107 -665
-260 -304
-578 144
85 -623
321 -207
263 118
74 175
508 152
732 -335
416 471
951 -549
-787 -783
704 215
778 235
551 43
300 -100
-189 640
785 951
-29 556
713 697
-29 642
-132 659
-256 419
336 -677
-823 221
-76 338
388 287
-978 335
425 -646
672 -27
-735 18
-354 597
-779 -749
469 205
-786 -495
20 621
436 -28
-857 519
56 76
-415 -763
85 376
-723 -322
-422 -343
488 423
604 -600
884 536
-835 -472
-916 -306
-157 794
783 -986
-287 728
-360 603
-972 630
148 -681
-450 272
-8 594
-778 997
932 335
-746 883
-899 790
449 755
596 -743
852 -234
823 767
-445 470
-590 -833
884 190
810 196
597 535
200 735
79 -177
522 254
-831 592
861 610
709 717
725 -40
-532 326
743 -459
139 -461
55 135
934 20
-338 276
-173 -238
-272 -580
-671 347
933 337
616 -427
195 636
-838 -459
-578 -480
176 -748
990 -743
562 846
-404 -240
788 212
125 -152
-29 -402
-60 -639
-192 -548
-774 -921
858 -154
630 731
-860 -339
-34 671
400 365
-488 543
405 951
618 954
36 -537
-24 887
-430 -733
-83 390
-450 -562
974 -314
-966 -992
265 492
-197 571
367 -581
730 298
-276 -198
-367 486
-665 269
-321 553
-284 678
617 -850
-22 -101
-22 427
967 794
1 -807
150 375
-840 -490
775 926
-535 192
496 64
74 -101
-573 418
412 -465
947 -531
875 338
66 -768
-289 -487
915 -567
-764 -222
923 -808
195 -703
-278 422
536 -923
-43 872
-245 -229
-623 -940
46 226
131 455
-493 -621
36 549
93 -985
588 -934
324 213
-873 481
576 277
-393 -971
-137 -838
960 167
-590 -680
816 120
-216 -969
-257 -108
-699 879
687 -172
605 104
309 -494
13 -270
-890 732
-732 -533
604 796
-419 131
-752 -543
722 373
804 -422
565 262
-764 -8
-705 449
834 -930
-869 -792
214 621
-470 288
575 904
262 782
612 257
799 556
922 188
-705 -446
-214 -370
637 15
-940 -357
634 197
931 1000
-530 829
855 437
608 -130
528 -695
351 -679
917 264
703 422
-524 491
696 -891
503 276
-832 150
-185 -506
483 233
16 702
-904 17
853 -467
-861 697
139 16
311 827
60 -427
-589 -138
271 32
978 180
30 126
605 -963
-617 -789
41 382
970 -328
-514 -490
751 343
-280 668
389 -770
-34 154
669 94
576 -157
251 -784
-254 357
803 -141
-93 370
521 -956
49 522
359 520
-419 -860
197 -919
-878 -235
494 -92
-528 -861
-25 -810
-665 -585
909 -964
230 10
-281 -598
-117 -478
269 154
469 -148
675 -141
239 77
228 -526
775 -164
-983 17
954 -502
-13 909
205 730
289 861
-692 301
760 56
-231 -333
413 -637
634 -783
-90 110
-576 925
576 70
103 -751
-989 -842
580 580
193 -834
-869 -454
225 -767
-723 861
-992 672
-492 960
543 550
919 360
-665 -634
-944 730
-313 274
180 -874
-629 48
148 782
462 -942
762 -236
-497 836
-182 -993
983 -518
629 -451
-911 312
408 330
406 -511
883 558
683 -681
953 730
494 664
-839 -778
989 -937
-67 -109
-880 47
-832 564
135 845
-181 -429
-746 266
-405 313
570 -863
-10 255
-36 -507
-727 -726
142 654
532 -465
-919 -66
724 -602
980 -912
-490 -41
-486 535
-843 -790
488 296
-279 -113
-846 -793
-426 -900
-225 418
-948 -316
-113 692
372 682
-265 -30
332 -358
-253 -265
709 -478
824 502
-468 498
664 -792
308 -568
829 88
805 -344
-947 607
-307 -70
432 -607
-815 -763
-617 -507
-878 -516
361 -328
632 311
-303 340
501 -123
-701 983
469 826
656 -175
-358 -615
365 -415
-60 276
938 -246
95 917
803 266
-489 -277
-883 94
-246 405
232 170
-862 423
514 -208
-856 866
-351 75
-597 -567
-62 346
356 789
378 542
-253 -334
259 -380
139 -294
82 -487
-563 79
269 641
575 -304
-561 465
-823 -908
339 -241
-454 863
-624 -662
770 -32
522 18
-616 -796
572 -525
-927 441
380 777
-856 -502
-759 957
-360 642
-158 -950
692 -560
-167 451
-80 638
684 -975
403 534
-923 -98
519 386
-920 279
168 -648
994 901
728 923
-836 -260
883 155
-377 -947
369 -910
210 56
-923 796
-125 809
-217 3
-248 -396
376 -231
-786 -7
78 495
-378 -665
-985 -332
-57 -784
600 -618
-595 -862
-33 888
827 -561
-473 -704
438 -187
-103 138
-178 872
71 339
69 254
-314 861
-809 -959
-575 204
-566 904
762 -115
-461 599
-536 78
737 -911
147 -413
-219 -967
-446 -122
-100 -506
4 924
-988 31
614 665
643 -852
-231 -288
-211 255
-489 704
-368 -839
826 120
-75 220
-473 547
-969 755
631 723
417 -984
368 734
-348 627
695 -47
-747 211
609 818
-738 -232
574 724
-193 -599
479 -57
430 -147
-788 894
881 654
928 783
-749 104
756 680
-590 887
112 387
6 664
607 -438
-603 -509
-111 931
698 -483
849 610
-70 66
-204 950
-790 -782
484 765
-954 930
586 247
-35 -851
278 363
665 -32
617 -515
-599 -983
822 790
-563 -441
205 766
282 -869
365 311
430 650
-239 659
-712 222
-437 605
-127 -758
-787 89
106 639
-876 -765
464 -320
-530 920
644 917
-350 -476
-220 -444
-150 358
763 -861
-513 -834
666 328
-923 -622
-807 800
-957 -679
-584 -30
-548 586
945 -486
-263 -874
680 763
528 -32
929 172
463 -735
-770 -745
286 -153
81 -22
729 -473
79 -414
-527 721
-475 969
385 -369
761 145
-339 -566
-968 338
-289 412
540 939
926 -626
-162 495
-942 -871
309 -141
-749 -711
-677 -297
903 -698
380 751
-706 871
-915 -95
176 408
-563 95
700 137
-717 951
-583 -329
-326 696
-377 -206
-285 -26
-843 -804
-147 553
174 584
-377 292
574 561
974 -882
192 -45
849 421
234 -399
128 425
-643 527
-621 388
-817 259
454 65
-841 959
604 56
404 681
-446 -448
45 932
258 -890
967 610
-555 110
-960 74
-809 -470
191 -907
848 -226
-976 -66
8 -325
-811 -790
328 703
-741 612
627 454
165 -242
665 -770
-456 32
669 815
-731 -399
462 -21
-586 188
69 79
-557 485
880 280
-239 87
984 813
669 775
697 956
936 -511
-785 -95
906 319
28 -174
-308 -320
200 330
132 -339
-357 -751
-119 -255
357 -92
249 403
-814 290
-321 291
-108 -555
-403 -135
-334 931
-888 -241
-665 -310
423 423
117 163
-10 -191
589 -829
-796 -648
-609 -255
500 -138
-7 -306
-286 -160
672 177
-191 -549
515 -291
473 883
916 -184
180 622
-87 827
685 -703
31 -126
273 155
905 761
-234 391
837 973
987 -600
-990 76
92 394
473 -729
-560 -727
-384 911
-147 -17
232 398
-604 172
446 21
844 -724
397 -260
-787 240
641 102
630 -683
16 -727
74 -75
112 -919
671 65
839 -243
-106 774
10 860
809 -490
673 -440
-453 188
693 -130
-389 -465
-367 -659
291 -378
447 681
356 -893
727 645
-869 -174
872 -799
-58 785
473 95
420 -289
-331 402
-81 -332
468 -42
-358 738
599 -985
-731 -938
-287 594
-914 634
-937 620
585 558
877 -56
292 103
780 -931
796 -593
-838 481
865 898
645 -392
833 -613
-655 251
-782 238
-997 -755
-509 1
-28 -953
-518 838
-369 -535
-941 91
-79 -372
940 377
296 -853
-782 -473
87 523
590 74
-181 -346
27 -730
-408 868
201 -473
-928 -3
515 -500
649 -84
555 -944
-108 352
692 -724
-859 661
626 -268
-877 544
39 402
654 -565
831 938
-337 615
-297 253
111 279
837 353
-442 752
-878 652
-235 540
860 230
-749 841
368 363
-647 148
-822 -558
-173 -644
-646 -154
941 615
-51 -672
446 477
351 800
751 -872
-692 872
-576 -732
-848 -221
-447 953
-704 -480
288 447
611 -706
169 767
-904 966
876 -174
-939 970
-186 -294
-262 -256
-534 -933
-780 652
-212 -687
295 558
343 -669
-158 -453
203 -173
460 -920
797 -985
288 432
-742 -85
-855 278
832 -342
-903 947
-522 -68
100 65
-365 -363
-928 -484
-19 -25
514 -162
-214 -744
-111 228
661 -690
873 115
-48 121
-827 156
-765 -468
371 118
53 263
209 -574
279 -829
-610 106
-773 -539
280 -594
-498 900
-580 152
436 -927
742 151
-634 490
425 -701
-491 -495
607 -452
-438 241
934 344
674 -212
-841 575
-537 856
133 372
851 510
152 -975
456 243
-825 -688
-704 -569
-567 196
-849 -179
-567 -783
971 -805
400 -910
-546 -15
552 -848
-642 -42
-25 -689
-940 -806
-779 -445
-105 -405
-439 661
21 884
590 -315
519 829
755 472
151 251
781 -317
-487 21
400 801
-349 -18
-916 -389
705 -954
708 -429
-272 -15
-75 -90
969 208
-439 724
-630 -961
540 564
-845 -737
-511 366
-338 -204
204 -29
834 494
-970 -225
333 -652
-622 -501
-112 -843
-74 948
237 -813
-898 302
-593 95
-586 -262
-515 -608
315 947
-309 -355
-502 -828
-465 -274
-273 -416
139 143
-497 763
145 269
370 863
-34 876
483 558
-842 -708
-984 -610
-619 -792
417 -103
574 -7
266 -995
-351 -376
-535 -301
-968 502
710 -124
768 -425
364 -779
511 -740
-470 404
881 333
-962 325
360 664
-341 45
-902 234
-554 -415
870 -89
855 13
-475 59
-764 187
93 -734
-914 834
-145 38
-371 -793
-817 228
140 98
446 892
-370 151
263 356
-732 -339
-856 -712
-195 419
974 -982
-781 -516
-736 -266
706 706
-539 -498
-72 -983
667 997
464 -80
-254 564
234 711
-777 -627
-449 -66
-635 47
806 -513
376 138
-509 -516
-488 -878
944 -222
-369 -954
-352 -8
-992 -53
359 397
893 -113
527 881
-300 688
-565 6
371 -160
989 22
-801 -763
-346 -173
-38 -532
80 264
683 -308
-692 251
-354 -191
-610 -894
-325 670
-363 216
-878 696
344 679
-557 -397
659 -78
-215 -335
-503 -967
-529 297
-20 -62
-775 -601
-639 992
-513 -73
-198 -256
-946 -789
-822 -782
788 -366
-136 745
-317 916
-798 810
-661 -123
-142 882
229 -586
-936 679
-859 201
-376 -333
-733 754
357 -958
868 -290
-824 -913
349 -754
954 432
-150 154
521 -409
775 9
170 -355
-196 266
-734 942
713 -17
-673 -880
-667 257
160 499
371 392
697 -813
-830 -527
-59 -418
976 -671
-709 -937
-52 417
538 -612
-613 903
-934 -430
551 -82
369 -84
453 -734
988 509
-175 36
-939 302
893 27
-850 -908
-34 -380
-559 174
898 -138
629 805
25 -564
-671 345
-422 66
91 -166
-634 -704
240 -243
140 -706
177 0
-409 484
-188 -454
981 798
-434 -91
483 -675
703 661
704 -104
719 -672
-717 720
633 -153
100 840
134 -764
-35 -58
-640 757
-68 693
-527 332
593 -582
-526 -713
187 -256
-155 515
-585 -547
-584 -469
233 838
361 -328
105 829
739 672
245 -165
-117 243
-847 -26
-506 -814
27 -375
-656 -626
707 -426
188 -897
-799 989
866 -365
200 705
-52 -968
340 -583
-24 -318
-411 463
-933 -140
110 -264
51 467
865 864
-959 508
135 842
-937 284
165 -727
119 655
953 -854
452 -100
-746 664
-413 384
62 164
-348 -760
-786 661
-318 910
-945 -920
101 -326
662 -607
806 -729
-745 44
81 294
845 47
-708 -645
-897 -101
-558 30
-252 405
-756 -227
135 -710
267 468
-124 124
661 735
732 -32
-10 -761
501 547
-264 595
581 386
402 -324
672 779
414 -780
-284 646
-478 -993
-575 664
527 -23
-490 757
306 -333
-783 149
604 822
19 -58
493 -381
-635 -25
990 703
325 260
400 612
-476 776
676 784
586 -890
-637 542
952 495
824 -185
-128 -948
140 279
978 314
-283 372
722 -486
172 -546
518 961
337 980
465 298
-240 -38
-233 173
-410 677
532 333
591 -643
-4 89
109 -863
-713 975
-115 870
772 -148
720 -454
-1 433
104 607
-711 360
-856 157
-234 455
-311 97
-296 320
-777 -785
632 530
335 584
148 425
-749 -805
603 770
846 -829
256 152
-161 488
964 -570
511 -42
-272 -909
915 -276
-947 454
-191 -927
276 -866
-92 113
-373 -38
-909 131
443 -207
982 -841
-404 571
506 -43
54 -933
-21 84
268 -491
159 -737
84 -412
771 -548
-864 -870
-396 -989
-378 196
-236 -497
988 -45
895 -55
545 -458
-992 -532
184 814
-887 232
-863 -474
-676 605
81 -908
-808 848
-75 -556
-302 170
948 -155
-973 -354
-22 -734
-908 -845
174 -658
335 -419
973 426
-799 -552
-709 914
372 227
-962 -285
-675 635
97 399
706 787
218 -917
143 634
925 -859
236 920
673 -914
44 -384
-866 -204
947 -45
-82 317
-306 -480
239 883
185 -248
802 -339
942 833
-700 -457
206 -822
151 -592
-271 524
552 487
397 909
937 205
-728 -657
-654 120
740 905
838 -41
-336 -226
78 239
979 692
-940 -658
657 -606
-501 204
-699 279
-826 696
-720 910
-361 -756
517 -444
929 495
921 857
250 -411
879 -749
-342 -579
895 -478
744 -557
-133 421
184 -156
-897 459
79 24
883 788
-651 906
-90 593
148 89
512 648
-142 -661
498 -941
555 -870
178 -730
-790 580
660 -213
-402 -948
163 648
-338 -39
665 -856
-668 -246
546 -215
-213 779
846 841
-288 -355
-879 -187
-547 -382
-917 192
-999 720
-468 546
657 2
-27 -223
-143 294
-731 316
805 -902
833 -816
-415 960
656 542
334 -636
-532 -898
-252 470
396 824
145 -226
-932 -339
-692 -7
-417 776
556 963
-785 844
-171 256
-175 75
966 -60
73 -868
-49 -705
-476 -212
845 879
-972 -780
-204 -3
844 993
-509 -401
-315 309
-800 540
-120 -90
-287 901
-760 -993
-945 795
619 260
-357 -730
659 -261
-630 -140
90 -247
-846 -117
585 667
764 876
-750 288
-348 -601
-84 -254
527 -133
-820 -652
524 902
-305 -481
-962 648
-610 -859
951 -504
-685 -314
-836 -992
22 -218
262 221
794 -614
569 -963
106 -914
506 296
923 -26
280 -167
-569 -102
-721 -436
635 -639
-903 -829
906 -211
423 545
-149 -205
96 567
-170 -948
719 693
-545 820
168 -194
321 477
850 809
327 968
-51 -312
376 -751
-546 811
-945 -107
-398 -174
-771 420
488 -368
173 70
531 -818
-805 485
580 372
508 515
-774 -81
-588 -51
-1 778
34 -765
57 -796
-552 462
351 -291
811 -234
584 994
424 503
-359 -261
798 228
899 110
-589 -899
-450 928
-680 715
955 369
-843 53
84 682
345 -117
596 -504
888 -940
489 -147
-625 133
-741 27
847 968
-254 455
694 -214
333 667
79 183
299 735
760 368
928 -884
-562 -45
224 -498
859 -939
273 -393
892 -78
-765 -253
-238 -504
871 -248
982 323
-761 418
724 515
-618 192
-149 635
440 232
-824 97
31 30
-661 -345
863 858
-39 359
-182 -85
-602 -909
-884 520
-658 336
875 487
-906 958
-334 -830
159 246
-903 -607
239 -939
284 316
-804 -901
-919 -663
371 -484
746 -801
427 863
-11 784
821 -321
462 -911
122 372
720 -427
864 428
256 881
482 -928
-7 558
826 -956
680 -508
86 -499
614 74
-34 530
-704 -319
-701 -577
311 -185
-487 -132
-82 558
243 -99
-912 -495
287 225
85 383
-29 924
-700 737
-496 -977
775 -716
943 717
-210 -705
514 777
-762 254
307 -30
496 -146
-972 -262
301 306
635 -911
-34 581
-249 -52
-65 637
501 826
733 94
75 766
948 378
-819 39
-424 390
340 -850
119 -152
997 799
-954 -98
-383 -23
909 -35
830 -750
-871 -824
255 -751
587 -347
210 -179
-501 -347
248 685
40 487
788 531
80 -731
798 872
-390 -720
-35 252
344 610
479 508
261 187
-417 -162
821 -80
512 793
447 947
-487 677
306 928
-203 70
-753 -31
-297 223
43 422
311 -19
-255 5
-356 519
-438 31
572 -790
988 -174
404 279
24 383
542 -675
-339 462
998 744
819 648
-480 831
-660 576
-18 706
108 624
371 819
330 221
815 35
-153 -897
569 -870
682 -15
594 713
-693 239
-478 702
-395 -346
436 -292
265 -43
-634 870
1 517
-113 -242
-955 762
37 395
-452 642
-41 -50
659 -750
-800 844
-285 -575
306 -956
-28 -629
-183 -819
-630 543
-24 -799
499 516
3 279
94 -127
-142 -349
-641 633
-337 747
-411 -255
957 -528
939 988
-360 189
-550 317
814 -316
232 938
-348 -773
986 -765
-892 -187
-971 -834
-315 656
-384 -402
-928 720
-915 645
8 -988
-574 910
813 154
-299 -377
-281 -295
143 812
-866 -314
236 355
-426 -119
-544 755
-622 -649
632 -760
-192 -33
629 263
794 -3
657 873
-141 606
-853 -771
-254 -193
105 -361
-249 -977
155 584
-178 -258
930 -711
796 -654
-620 456
645 -435
587 555
-307 -358
-969 -151
-388 -921
335 -288
-116 871
-739 -341
-546 -609
907 543
885 -917
881 287
314 -472
-278 723
-61 848
-955 -283
-819 -11
-703 355
561 -725
-993 -170
-506 865
113 439
762 -531
-425 289
397 42
39 485
-143 -405
-577 -464
726 76
783 635
-466 -864
-712 -763
-642 -658
932 -175
-415 584
-270 -56
-257 -444
-804 -471
78 407
116 -232
746 -150
-288 -761
940 -669
926 583
-36 174
-12 361
-240 -829
-47 803
-302 -753
-808 669
319 657
-807 -505
-143 180
-409 94
-514 903
66 -969
-866 -351
-190 98
-17 -396
716 -606
-375 78
-139 -713
173 -954
251 -10
-671 -9
654 280
-38 -946
241 -107
-336 495
390 -437
230 -860
-663 -12
397 -343
-903 560
-644 583
114 -860
152 -279
-169 -801
778 223
965 -773
631 -458
-899 -692
633 -326
-373 -616
-431 20
169 337
834 -604
-80 861
-453 -834
404 854
-47 663
698 753
-370 -882
-348 -457
-138 -42
-333 239
-942 -600
589 995
-187 -818
515 -243
-997 -337
438 301
-365 994
-15 -642
121 141
-586 -46
884 -662
247 414
-631 -730
856 877
999 337
38 -695
309 -825
-413 -948
427 -523
-616 705
-945 754
-767 434
740 -16
-888 -734
251 -74
-205 -127
30 -11
-856 217
927 -724
-822 -179
217 784
537 -984
-579 -621
727 -431
116 -871
-111 205
-46 342
-642 -921
431 -890
475 332
-881 589
-924 -248
596 -633
524 -672
-313 -5
-815 -228
386 -783
-425 589
-436 -189
-238 605
1 -767
-973 604
-553 953
-488 958
116 272
-945 560
4 -957
-631 410
574 408
333 -458
828 -76
469 -774
-581 671
223 -431
-749 -481
-336 780
659 96
21 -335
993 -367
125 325
509 -595
-378 -805
-487 392
537 234
254 996
-465 6
582 172
-895 41
452 321
-666 937
556 56
-323 479
988 66
-267 160
-296 295
826 248
-574 213
-470 222
-193 313
360 218
-483 -216
-589 774
-67 -294
-274 130
-711 -795
-283 902
265 -821
-116 357
-749 -342
135 -211
-881 98
-853 -635
309 210
520 598
108 -374
-335 -872
-162 4
865 -843
-700 -687
232 747
-395 -575
749 -293
-67 -433
200 -431
-317 664
-423 -737
680 -888
-312 -749
-495 -295
-988 -315
-778 -675
-653 -112
-221 -343
-944 -222
919 323
-812 -303
-453 624
-549 763
-77 823
641 -652
-284 497
-651 -885
-254 818
790 -787
-297 -432
-4 948
767 379
-675 829
822 421
961 886
412 -38
-86 -127
-915 366
-408 802
-72 123
217 -128
884 -896
98 793
471 -173
-837 -934
752 183
653 -197
789 -806
-31 -780
228 -289
-476 -329
-313 604
66 -824
716 656
-135 648
-230 -418
-949 -754
896 690
303 -763
251 625
41 326
411 -863
-396 -394
170 -588
-638 689
177 982
276 385
948 415
15 841
205 -198
-793 831
-153 -739
738 -536
695 -904
-261 261
41 -233
59 -411
252 -79
-714 -430
610 -710
-920 426
-897 593
-349 947
-914 -531
937 -890
-554 -336
-527 733
208 -414
856 832
694 713
775 -896
831 173
802 442
-725 -843
-11 59
996 869
413 295
-6 -795
167 -100
-441 -699
-163 994
923 925
280 -241
-730 -482
793 -563
107 -142
631 802
454 -888
28 -556
629 763
957 -210
-907 -308
972 -564
289 421
-565 482
-596 -609
639 990
684 -982
556 -450
903 -764
-805 460
-770 987
-189 -287
212 -751
-669 -133
362 282
858 -174
-598 256
853 370
398 -790
-983 -721
-553 61
-379 108
-910 -537
-566 -350
-549 634
-336 -979
-525 -446
-838 892
830 565
-742 274
-651 436
-125 308
-964 289
-906 -899
408 886
-951 -241
-537 101
921 643
-195 -353
-803 268
-332 986
816 674
-339 890
413 -841
-98 993
659 -720
256 -619
768 995
-291 -160
64 -513
550 -432
350 -73
-454 712
555 -117
674 210
-854 525
-989 -354
-30 -824
867 404
-167 844
151 -686
-576 456
721 -205
-700 284
-21 -472
37 -518
506 800
968 430
137 316
502 -339
-702 -556
870 -327
66 -530
842 722
-321 985
836 -290
371 606
33 -139
-342 -361
-55 -296
111 -899
-963 -266
984 733
-733 836
334 197
-950 -243
899 984
-52 -343
-51 -751
371 191
958 -658
441 674
-87 -985
-996 -517
109 -171
57 -267
-18 -151
173 781
106 -734
210 -740
7 831
677 -117
-470 -700
921 -78
931 363
-336 -746
-208 -518
128 -200
-469 604
-722 -717
552 -340
-660 828
-714 -121
544 -677
-979 -742
-32 779
-477 572
434 841
-412 331
315 -583
-899 581
283 394
-119 -902
-430 -807
431 822
-32 425
-958 -461
829 61
365 -36
-151 -751
882 -68
-335 230
-554 28
518 631
511 274
351 692
939 15
-582 200
703 -347
-298 439
-530 728
160 532
492 445
-326 77
599 -196
406 888
993 279
853 361
-746 97
960 -480
962 -264
284 -375
-683 195
-321 418
931 186
586 -472
631 -764
-789 -999
115 -906
397 191
497 35
293 -217
702 856
-468 23
874 956
-295 -302
257 -87
768 196
616 -780
-963 530
639 -485
824 15
-984 -26
304 -509
-347 925
-689 -859
-147 -157
-268 -632
379 -179
-455 837
634 556
-718 -845
300 134
-725 -74
609 -90
329 -223
-793 -260
-225 801
894 -726
797 727
526 -307
763 624
383 495
-934 244
-472 906
399 79
619 687
-386 -993
-159 -673
-46 443
-75 298
-595 -643
888 943
-864 -867
-270 -20
131 180
-155 -479
-683 997
279 758
-625 67
-857 70
200 530
-674 -444
921 108
159 -8
-597 782
673 -811
-780 -107
144 591
-611 -309
-715 623
-492 -430
-435 -20
-969 444
205 -197
-314 310
193 -126
-632 -774
-194 -624
-255 -971
-157 -415
-349 16
-411 -360
-980 -432
584 -726
141 771
-673 180
-128 -200
953 916
-121 -498
-763 -326
-650 574
971 -807
504 197
323 -908
161 -953
-974 -470
-359 -845
-85 831
507 -278
-847 -899
902 -835
-350 -904
248 -935
-910 -780
-423 -317
998 937
867 -308
-923 888
519 -306
193 -550
5 690
283 -392
231 -198
-902 -71
898 457
510 816
324 589
620 689
66 -170
-762 -247
-530 412
-133 52
-271 168
-537 178
-583 -433
-58 16
653 -972
-937 -342
834 812
-999 345
-929 932
-326 753
-801 287
924 370
764 -965
-404 -24
-381 610
-588 263
-455 -850
-882 -174
-418 -525
-994 -517
177 664
-110 -387
229 -822
-880 -851
640 -559
98 -108
-370 -155
54 -165
777 70
-359 -223
35 -62
977 364
-925 -496
-149 204
-645 618
-279 540
464 846
-861 531
-939 722
525 134
-835 -196
-538 -599
-699 -422
-762 -893
310 -84
-676 179
284 -782
89 -995
77 -873
-125 -917
338 -89
-801 -626
882 217
920 -627
302 -872
-304 -315
557 371
775 530
-722 -402
507 -376
819 -734
-248 -522
212 47
197 571
-26 192
-464 356
769 -225
-851 332
420 660
490 798
-946 -632
-561 634
-78 844
-203 687
493 -100
-981 -846
-492 -587
276 957
956 -211
-479 817
-111 586
903 98
809 -882
556 438
556 175
430 -281
508 339
-830 -410
816 -23
256 -405
-335 -133
165 5
-529 770
184 -280
927 -832
998 895
-103 84
-917 708
-393 321
-740 857
141 612
-301 264
-127 474
-16 -601
-7 775
131 -500
-912 -933
-727 194
881 241
-17 263
637 7
933 -499
-193 684
350 -611
529 448
-146 -937
50 912
692 -434
138 439
740 -169
-138 -120
854 -546
595 -158
-661 352
-993 -760
555 612
-330 511
684 313
-2 657
122 393
-733 -744
-871 -63
-294 -465
831 348
-318 -232
589 -755
991 -323
-856 -741
-55 295
252 638
205 464
466 137
-206 190
514 -422
-584 622
796 -667
648 452
-77 -4
12 -72
642 -799
-362 -790
-958 935
935 -602
-256 352
-980 231
172 -196
459 -48
749 407
-151 -904
705 624
-5 656
269 767
-934 88
-453 -86
-774 -795
-28 814
362 649
733 -967
-373 -462
-4 -560
-204 -416
197 162
-875 -281
716 -711
231 -529
-286 -379
52 313
-33 -767
-21 436
-227 243
-456 -327
629 76
-560 -830
831 -378
-633 726
-146 574
795 700
798 393
-318 931
-806 329
-605 96
981 -793
-385 -34
-319 436
-600 281
712 778
-536 -874
126 977
459 888
-569 -467
-653 64
917 -730
264 -826
-45 864
-513 876
-385 -266
-762 -650
-903 746
301 -483
-605 264
296 955
595 -341
616 -278
243 456
810 572
523 -199
841 615
119 57
106 -585
-67 -970
808 -265
-721 341
292 -782
-976 909
775 -713
-842 556
634 -635
943 99
-558 449
853 211
897 585
839 -363
-57 -316
280 47
364 -742
954 783
-625 466
204 -463
289 -288
938 -105
-553 -201
-983 -645
359 520
-223 605
599 74
622 946
610 -757
-696 -730
269 -398
-425 -361
389 -370
962 172
560 -944
22 -994
-17 -764
-991 -615
857 99
77 -54
323 -926
-714 130
502 577
-600 552
666 -107
-101 842
-772 -42
-923 239
-966 20
-141 255
-530 308
872 300
-952 875
-241 817
-735 -156
-250 -339
813 363
-540 -445
-689 950
787 180
130 -748
-440 168
753 528
-144 -707
210 216
217 -802
-990 613
130 -93
-206 139
-27 722
15 316
-723 -966
-567 937
-712 448
291 524
337 -729
113 -174
680 402
244 225
-769 479
-974 -762
-51 827
-810 -298
114 -5
930 -322
-162 643
-906 -563
-771 647
69 522
-916 -776
198 -404
-894 779
105 -358
-15 -318
-236 311
-300 -571
-500 215
-65 -490
308 -122
853 382
969 -702
-70 -581
-145 822
912 -136
141 199
753 5
678 -644
-768 -851
561 688
366 -442
847 426
190 910
291 -358
53 -180
485 -233
-428 -829
555 45
-33 482
-962 870
947 802
93 -660
-297 193
-937 -700
-664 -301
-322 407
-737 604
-981 774
-43 -9
294 -109
503 -161
130 -394
-342 -680
249 -493
-461 -853
424 -855
260 770
-870 794
-863 -867
327 335
-342 -708
49 -839
806 -278
-560 374
-323 604
34 496
-266 -587
805 65
-571 907
-580 -703
351 953
-113 -678
-136 285
565 -645
-263 -729
-530 69
845 -587
-162 -730
172 926
-125 -560
397 864
667 772
-676 481
591 -607
-588 866
-904 -710
177 -823
126 266
-500 -733
-191 -409
879 -538
-616 404
-827 -876
952 865
-943 -680
-506 867
-685 -551
366 -700
786 -983
-729 -319
-673 -612
388 789
-389 -493
0 196
887 598
-762 980
-990 -645
-916 706
551 436
70 -730
-232 -861
-179 -841
-781 836
17 -509
-503 -900
-421 269
61 223
987 -289
559 -443
-161 -30
89 -723
-731 -95
-963 407
-87 -816
-311 -164
-156 -77
-579 817
614 -821
-492 663
126 -166
818 -436
-476 660
-325 -125
-197 631
-67 -430
253 25
321 804
-638 815
198 63
-506 735
494 156
-123 516
298 -805
-432 -492
666 216
-559 800
-619 744
460 637
-580 166
220 934
451 -762
-737 -641
-909 -846
470 261
900 -85
891 -888
-455 -134
445 980
-11 887
93 77
-597 750
249 -449
724 -943
-392 428
806 169
-516 -740
199 -178
777 -902
126 -166
992 959
619 309
-142 -757
-487 126
-106 -361
-570 871
-118 1000
-930 -597
-803 236
695 -304
-901 514
244 438
340 -57
390 502
-337 -824
-588 -680
381 582
716 390
631 141
247 -684
401 -489
701 945
-710 700
541 -825
839 976
-430 360
642 -470
-276 -539
638 329
-265 -301
-614 -24
-790 307
-28 835
132 -272
559 15
-916 586
-443 280
437 202
-268 -850
64 73
-967 -510
-602 -315
463 502
917 -39
34 -958
796 160
738 388
-456 72
-862 492
549 -49
39 734
463 898
-385 330
-49 -48
384 468
-144 494
791 708
143 844
240 -218
-289 -244
131 -608
-107 511
-791 910
-180 758
-508 -257
904 -726
725 798
519 -103
-633 -850
527 -78
-525 319
-426 -710
-815 300
-844 -180
-710 854
279 -977
-599 -12
97 -213
821 -360
602 -218
-816 -754
-278 840
-844 -265
83 254
405 351
969 731
96 11
55 -26
-457 479
272 814
-949 354
903 787
-567 -912
-20 75
-807 -71
524 568
50 -350
-215 -671
577 -795
-363 -671
396 521
-372 -480
-407 -917
-154 836
-732 130
830 -949
434 36
389 -495
-720 -644
-891 -466
-275 418
752 232
-440 -405
-611 958
-766 295
-674 -382
-739 599
-832 -864
52 -254
-113 793
-111 238
-681 -778
-937 -328
139 584
-831 538
118 442
-289 936
594 -504
-84 -182
-417 426
304 423
615 -799
629 -147
438 71
-983 73
-335 -283
-955 -450
-442 -313
838 -402
907 972
-437 312
204 -136
392 -12
80 248
979 -391
27 945
464 374
-72 590
-515 -703
-905 -716
-575 -692
896 265
825 -197
-464 -502
-64 85
-107 -612
-737 709
284 599
-26 -686
93 -785
885 -710
-288 140
812 531
-598 -307
-473 849
950 -279
123 -986
81 -857
-672 960
335 32
-462 -324
729 -21
566 158
994 -622
-670 -61
-330 -145
629 -315
-643 731
-910 981
586 352
-221 420
204 949
149 282
583 178
751 165
-70 -671
-288 -177
-4 -425
-140 -719
4 116
-178 243
-727 508
848 -675
-137 -311
141 -247
-579 -386
-429 565
-338 -626
-197 -57
-471 -446
-480 -201
164 397
-190 29
197 961
-27 791
550 -539
-595 -966
726 -542
766 336
-256 -355
89 -260
-649 -105
-47 -441
-670 -338
73 353
-860 908
-656 -848
-313 251
337 -68
523 607
642 336
-285 -113
697 -86
-159 317
-652 408
127 -658
-612 919
862 -665
-587 564
-80 331
208 628
540 -154
556 -10
-691 72
989 271
-855 -356
644 923
30 -441
417 279
-594 -691
-156 37
-496 -708
410 -728
-648 -239
-727 -789
-194 488
460 77
2 321
-922 208
-951 -308
-225 -718
-859 369
-739 -211
478 744
-495 65
886 -373
-2 289
518 641
-841 -19
566 -433
-826 -899
657 221
-763 202
213 802
658 -626
349 -739
-629 834
-495 -338
284 742
-975 -377
624 2
-595 136
-794 -49
-297 650
-22 -740
-847 -366
728 -508
466 -240
371 965
-276 531
-478 751
197 32
68 -690
-65 338
427 839
399 379
-648 -588
624 780
-537 189
966 878
751 387
430 728
-416 169
-736 610
782 467
-228 43
-986 152
-990 381
806 -419
288 492
758 -399
580 583
224 -62
331 -357
92 -51
-746 687
-697 -258
102 7
968 -836
213 -973
-165 -846
-326 -935
159 393
483 -324
-336 178
674 -192
653 282
-154 -348
-605 404
361 884
-810 -318
-159 559
356 -317
613 -936
587 129
-946 -501
-348 55
423 534
950 -466
-644 366
814 -478
-844 798
367 609
-60 647
484 -213
-478 -200
131 466
-442 714
518 -102
227 -507
646 -423
-231 -384
232 -83
672 -796
332 667
343 -712
616 -64
650 -340
7 279
-943 -56
868 -971
-243 -973
305 909
-292 -539
39 429
-276 -894
-544 -437
474 -727
282 -393
-256 -810
353 -82
827 -315
290 623
-151 238
-779 803
-695 -394
-349 998
698 809
429 -112
579 -717
477 139
-89 -669
498 -767
-11 -429
280 628
859 701
-364 -708
-933 962
857 619
535 -805
474 272
536 -760
620 823
-91 -871
308 -601
623 -490
-63 -704
87 468
-814 -354
330 753
-620 -517
37 631
-899 860
865 312
-918 3
273 145
-815 -586
414 -826
902 921
-801 885
49 5
759 174
-191 -132
-866 17
819 355
-834 -372
459 -798
717 960
644 140
585 -32
-369 -128
-348 901
55 -357
-3 -844
371 377
441 -652
-467 -438
-651 819
-577 355
-547 971
-494 670
333 -650
929 -52
720 363
101 -305
-994 42
-217 -172
957 150
-324 -428
-807 518
-814 -597
268 -40
-733 663
-1 -490
634 189
223 822
-615 -196
-929 662
-508 750
-107 197
-123 449
-420 -9
287 790
268 -980
305 -973
-780 363
570 -838
127 33
-332 -628
979 -96
205 -756
148 -282
218 629
786 -498
-994 -233
-102 645
718 867
-159 858
103 87
-183 198
400 414
-354 221
133 130
-517 -855
-589 477
-560 634
-477 903
-880 169
-891 -455
892 -633
-125 208
-611 269
794 -945
266 -36
507 -615
-534 -31
-688 422
739 283
414 -618
901 -743
390 570
603 -94
189 232
55 425
244 -982
-534 220
-811 842
-489 -656
-478 580
-2 569
708 845
-288 364
-662 -595
-641 -382
965 178
248 432
830 -463
-544 841
59 497
862 -677
-238 -974
-696 360
-876 -314
-337 -60
-211 -476
-676 659
941 -490
953 5
935 -505
440 -316
47 898
-990 834
166 -51
-847 279
-203 -822
367 439
-694 -40
791 718
291 178
-487 -120
-161 -376
-65 548
-182 918
588 871
39 43
-606 80
106 -691
883 318
383 -747
-390 -812
-645 -380
-225 58
-935 -978
970 -993
895 664
-14 -625
789 261
-931 793
-341 822
-574 -235
-178 -383
806 861
65 84
-900 -95
-742 -545
309 902
279 236
38 -486
690 720
743 -286
779 -493
-266 -359
231 837
-74 143
390 -537
703 243
-338 369
-877 217
118 -511
-626 -899
737 863
-756 -526
768 -215
-682 366
-621 -338
-79 499
-152 538
-389 456
-719 424
408 -375
-412 -824
-690 -123
-450 627
-90 657
-836 -452
196 -951
-501 -268
-52 -216
778 -132
854 935
709 -978
755 745
653 -126
-283 951
-631 -636
-168 -891
676 -77
-344 -272
775 846
-950 589
-667 -651
377 529
-451 789
753 905
-426 879
-850 -305
758 949
-637 536
-451 -399
-825 -786
-433 837
-971 686
-338 498
-919 -60
-475 183
-633 -361
907 8
827 -633
-98 889
269 640
-678 501
-348 863
-745 -444
310 -659
-285 19
-1000 -79
715 -440
-112 -822
-974 -664
-408 -608
-494 -408
491 -5
522 -826
-14 -660
-430 -3
-5 980
-225 487
-350 -170
-993 15
-544 475
-767 -448
634 873
-735 -784
977 511
-887 688
-5 -236
760 -315
689 888
-119 -147
529 930
-593 784
-980 600
912 532
147 205
-360 -220
-197 179
-826 182
-184 -277
-472 -84
-581 295
883 -726
226 -419
231 357
-595 859
-726 -447
-708 -177
181 -903
641 399
132 557
-879 -654
857 -723
712 -578
142 -588
-175 844
-248 -422
876 -357
-167 509
-418 -484
-632 769
-987 -624
-459 604
-335 629
1000 86
-898 -513
533 619
214 594
339 -241
-874 373
537 -564
382 -131
490 -510
-980 -369
859 936
-447 -114
-496 842
-582 749
11 586
-858 -418
464 -214
151 361
-973 38
-57 -278
-788 -556
-24 844
-221 738
-580 563
158 -650
418 -471
342 -621
-178 -345
-378 -689
-347 -455
896 30
450 678
-207 -187
547 514
-511 -361
-619 -554
417 -608
-962 604
-644 303
-649 239
-528 -319
-869 -30
-25 468
64 -122
-337 979
972 -846
673 -181
-770 84
203 -569
956 -89
-239 330
-210 150
-669 -222
-870 226
-700 -669
-592 879
-7 184
75 -261
412 -384
271 -284
-430 443
-6 582
892 857
-674 -32
-600 -447
547 -613
496 436
-512 866
648 20
-856 77
-738 392
576 -543
67 -145
362 169
350 342
-910 594
449 781
558 620
490 218
-48 627
-128 -680
73 320
650 227
-415 863
-891 7
813 177
-683 558
504 -468
-754 -202
231 405
-675 694
-974 962
672 -746
-243 646
-772 837
-91 -966
510 757
518 486
-82 -24
-869 -476
443 -637
116 863
286 772
-306 966
-877 968
-580 -156
607 830
-675 -981
-139 -104
924 749
581 -146
137 66
79 -545
47 715
-36 -866
472 -962
284 390
30 -150
-633 -21
-664 -273
294 -683
-841 0
-980 -36
554 -127
574 -800
-245 -823
105 424
278 -548
191 -546
-798 484
355 205
-849 -177
602 -688
148 193
-298 -345
479 924
76 -770
-680 87
197 -166
-954 -905
609 -686
-957 139
-802 -717
-891 787
-635 -209
75 -476
360 -323
-450 -793
733 -331
-390 -120
-366 -674
-680 776
-924 -722
842 690
-931 -124
-592 -684
81 -334
164 872
559 242
191 -640
920 -977
232 -875
-822 200
-758 156
-418 -419
757 -557
931 -654
270 965
-558 898
-188 418
601 -363
-708 -392
-605 835
-310 -60
-896 801
107 65
156 147
686 -651
9 914
-853 -688
40 897
174 474
-925 -313
30 991
-909 535
-773 -960
-577 -850
72 333
603 -177
-809 471
877 255
-458 921
827 -150
-268 -693
930 -444
-220 819
-350 -438
-999 -458
-54 -642
89 -898
501 16
-194 860
-726 -405
337 -36
146 419
-77 433
1 441
711 1000
596 -291
-766 -336
-992 -420
823 155
551 429
-758 15
915 686
474 -916
969 953
-498 -159
-279 309
86 246
512 659
216 -185
-985 169
-576 708
177 -596
-84 341
507 -148
682 -262
-631 -331
-832 -284
-139 -705
660 35
-711 748
-400 242
817 594
-33 -795
304 -169
613 -48
-541 -689
662 -443
445 -415
225 -837
-104 428
302 -177
-391 4
679 -708
602 550
-494 963
-220 -148
71 -488
155 481
549 528
-841 399
36 -264
970 -182
19 539
-691 -559
-155 180
896 531
48 242
694 -798
392 -648
-936 807
251 895
374 -204
-699 739
-565 -413
957 -526
455 -524
614 -168
327 868
822 -459
-373 542
329 -119
187 -941
990 336
312 -889
-502 426
798 -393
-282 -676
66 -749
922 -591
-363 -33
391 -244
-602 918
898 -538
249 917
-690 217
320 763
811 16
-350 -374
852 518
-865 698
139 -431
954 -460
-624 226
-325 -94
-103 -704
642 815
-733 -27
-987 136
896 -640
841 65
-60 766
-937 -521
857 -856
-671 -660
75 398
344 -338
387 178
-551 134
-402 267
-531 76
-342 136
37 525
142 -233
-485 -703
244 488
600 -776
187 988
-950 -551
-864 282
500 -771
625 943
-350 -918
279 922
-724 -990
-901 561
746 23
608 582
802 936
-827 -93
707 -636
-516 -419
-164 -818
939 621
578 -945
-789 618
-772 -13
833 -200
85 -752
861 849
183 -149
-223 428
842 -762
-334 253
-542 819
-506 -855
-876 -186
-452 278
864 805
-263 -8
-904 -889
-312 764
242 428
-672 -556
792 524
103 -908
847 871
393 -54
658 410
-314 551
508 78
663 406
175 785
582 728
-776 120
574 292
240 293
-511 495
-968 -964
900 -621
-214 978
843 -15
-9 665
-381 552
395 716
734 -85
-781 -18
-53 -21
602 -425
443 -487
117 628
455 -138
-908 515
-947 363
-218 -974
80 854
495 -847
-721 30
750 880
462 -966
359 -904
-896 997
-329 9
-374 -821
-440 -323
785 -862
472 -710
160 -230
-543 386
57 185
-529 283
727 843
-56 -16
641 -702
-415 -671
109 171
-510 -935
228 135
702 -679
591 892
-831 570
-760 -503
58 838
-52 857
347 969
332 -955
181 279
-964 -846
120 233
-234 -220
466 196
619 766
-217 -532
815 -802
-481 555
16 -120
-48 -616
127 -986
106 900
-730 514
-959 -296
288 -702
-600 72
-641 89
-876 -240
-899 32
293 63
-945 -696
-771 -943
-400 941
-310 -462
202 175
-541 842
932 311
396 -211
290 924
967 671
455 -353
-762 546
-397 109
-622 -83
489 -39
-45 483
-895 698
227 -409
-134 -213
472 -589
-202 721
41 645
774 -359
-320 -826
-667 -61
872 741
716 233
-349 -191
737 -498
-955 828
-405 222
-828 -127
977 -415
-359 -214
-510 -551
342 664
19 -4
275 -396
822 -983
762 -571
921 -1
-675 -886
849 -456
974 -727
-700 25
296 -319
-560 -159
841 587
591 -656
943 801
282 -589
283 -178
-759 585
386 527
19 721
-188 -245
-680 39
438 291
-270 -975
651 941
-20 -583
795 -601
406 273
32 -349
116 754
857 -62
542 -279
-807 869
-816 -331
-313 -400
-341 904
-880 -142
210 -902
-409 -709
199 131
992 -807
-194 -241
33 220
-646 -872
-815 -354
159 916
-39 -571
764 -215
211 269
-231 453
298 -496
586 -79
408 6
789 127
989 55
358 240
366 55
503 190
531 -113
-676 331
-465 517
-415 503
-820 -346
333 -33
-336 850
349 750
234 -602
-151 -926
-254 511
-177 213
-446 670
-153 567
339 -597
-578 -672
304 275
294 708
914 142
404 58
-149 -822
11 14
238 551
-151 -282
718 914
-75 -462
-807 -697
923 -844
820 375
-760 593
-90 -952
972 -571
-30 -679
-852 -81
-326 -134
-801 -285
710 -96
-738 -781
-338 -792
-329 -842
-673 -720
982 416
-321 487
139 228
-189 -241
-296 -323
-467 5
-442 575
108 267
149 -826
-367 138
-495 -311
-637 232
-416 -804
-25 794
-301 715
364 945
-62 725
-754 903
-41 -263
-953 -364
127 417
-477 227
-702 -175
-791 -465
762 848
-767 715
-322 -528
-50 433
418 348
-412 992
354 115
17 -702
132 -488
-12 -615
-578 314
854 141
-744 -149
794 548
374 197
707 566
84 161
-497 823
-726 619
-41 -208
813 802
356 -707
579 3
-195 -205
631 901
992 962
703 -635
59 211
-806 -457
-466 479
-321 444
136 -796
404 493
206 378
-181 402
278 -354
-310 -941
-412 -505
-356 -947
-362 437
-733 -887
489 -372
418 -304
274 707
545 -931
-269 -328
109 -343
710 500
605 70
314 933
-562 -822
-21 -488
-141 -465
850 -131
-311 531
-996 -824
778 762
-823 171
-397 359
-599 724
436 428
763 -125
786 550
-709 -695
-747 -558
671 182
-813 192
-946 256
130 461
-967 -295
231 -779
869 20
90 -997
-594 -480
-381 104
-90 230
150 -871
703 875
890 -729
-926 -554
763 -262
504 -794
-438 502
-16 -418
941 -133
279 95
554 -44
777 342
-127 406
-503 116
305 -297
-679 901
-429 -297
234 231
711 693
932 797
-783 -556
963 706
131 -282
-613 -430
-277 606
-382 -337
276 -254
845 -129
-386 -889
-406 -737
-23 -980
-371 624
997 524
302 742
-435 594
962 -339
400 911
-696 -600
-982 574
-517 206
-410 448
374 237
-970 -53
-256 577
794 -683
-809 -280
1 -168
-468 -383
563 -924
-75 -970
101 611
-717 543
-836 -784
-474 555
-505 695
948 970
-547 486
-679 381
164 628
405 801
577 770
739 -330
-371 -266
-36 -988
-497 -30
789 196
-574 -405
129 -802
-264 784
192 643
-469 431
46 -96
334 -434
-301 -30
76 -99
286 829
557 13
387 494
904 -189
755 604
53 -55
-44 873
656 626
274 -31
580 -482
90 -903
553 -909
882 -38
903 935
867 -295
900 374
609 98
919 215
50 -288
-338 -727
-306 568
-723 -329
138 -363
580 537
85 205
-346 881
-857 533
230 -876
71 -153
-297 -871
-122 934
228 -856
-967 695
-445 403
-566 -105
-586 369
-282 -713
-848 630
-961 -847
-806 -852
-510 47
-564 -714
-838 814
-886 -561
733 580
577 604
-907 479
680 -572
-980 503
552 -757
345 -341
599 772
278 711
106 -411
810 828
-28 976
-880 -107
-690 195
333 619
628 -458
971 585
64 485
-130 435
-801 -232
-594 -10
-562 -947
-478 613
849 316
-701 -757
852 -421
968 793
-138 -355
-608 -783
-364 618
-81 -83
-287 287
-337 -935
259 -992
-638 -152
-354 -537
-50 -699
331 313
-31 901
518 -910
-317 999
-410 -845
-323 -41
-800 -671
166 196
-373 847
911 -674
853 -808
-531 -87
-754 -246
-567 258
111 717
497 430
-347 -124
-497 924
-18 841
799 27
-468 399
-46 792
-882 456
-632 -881
286 957
-873 -701
325 57
-682 963
-374 922
-597 340
304 -788
12 -368
-779 -766
811 264
-976 -454
-781 890
59 272
891 -531
77 -292
67 -237
891 886
612 -894
-634 369
-516 -647
-891 -96
490 -624
65 -299
791 -228
-153 940
756 965
-948 548
830 -339
-976 938
-377 4
-53 726
959 8
293 -907
-85 -268
-30 -918
629 -962
152 373
-203 -67
351 -334
-26 -224
-465 -246
-575 905
-939 987
-737 -307
448 -61
878 105
154 9
-921 587
-511 46
-760 -516
521 345
233 816
-225 26
-394 922
-388 828
895 -721
-381 -155
672 334
27 -600
-772 509
903 -244
610 -245
46 699
-694 -711
816 799
296 299
353 800
975 -404
279 -935
195 489
193 -751
959 -62
934 590
95 -896
197 227
67 360
-673 712
230 274
-348 -468
-319 460
-353 -456
883 -25
469 -637
-884 991
-120 -497
615 -671
13 -733
613 37
494 116
643 965
-131 -725
-187 -443
692 -837
-181 -668
740 -960
330 958
-539 -224
-677 305
224 -925
997 -814
-862 -355
-269 -112
-681 -316
-50 -958
336 716
-174 108
-972 772
470 -265
-361 913
-222 -105
-629 -856
-583 -343
-190 -854
-292 543
-831 774
542 57
944 992
-888 795
216 109
-951 240
57 538
-954 784
201 658
291 165
-766 -312
-253 879
713 -213
797 -154
-708 -870
-201 -107
-707 90
-166 880
-830 831
-781 -736
-16 93
517 284
-772 -406
424 613
-58 -951
-325 -772
-292 -664
293 101
-937 -913
-755 -308
-965 -965
128 330
963 -143
289 -469
78 -477
716 -991
-542 -290
-842 -440
393 -556
-70 446
-543 -901
207 163
618 123
405 -930
-840 465
-241 17
410 128
611 792
-660 -871
-10 -527
334 -402
-229 748
967 251
-272 -977
-924 -610
934 639
778 660
-254 329
234 -213
-468 -45
-517 171
719 -714
152 -645
53 -263
-102 169
276 -961
149 50
-524 533
-788 218
-71 -315
939 621
-951 889
635 -328
-339 980
-778 447
-102 614
-990 -494
-97 -688
176 15
477 -759
-738 -214
458 -110
780 18
524 -677
-443 590
913 930
338 736
166 -115
814 -853
387 -797
614 975
-667 711
249 -93
815 594
-434 379
-204 -691
-958 -132
767 632
-677 -687
588 815
973 495
940 -978
186 -159
220 -536
944 -12
813 -240
-641 -570
690 661
813 525
-811 -458
-595 843
680 307
-357 -124
792 412
-650 -621
64 -379
377 316
-888 629
-153 940
770 918
-574 -652
298 544
238 765
-973 348
877 16
-76 -615
368 978
-128 -583
749 348
-668 -184
765 -670
-771 -45
349 127
-994 618
877 -787
-956 48
979 -630
-108 484
869 -734
833 148
-657 609
-679 149
949 -744
724 -771
828 -202
-921 -864
293 -649
724 838
-455 -850
449 493
171 -532
843 -441
-216 7
907 275
-618 -216
870 260
-689 -254
331 982
-646 -981
-267 -154
514 809
-378 -807
741 -295
-407 906
-370 -485
-472 -796
-72 -259
-250 -568
0 854
395 -922
286 -347
-819 -530
617 -493
209 765
-850 272
-542 -478
-856 -212
267 60
-894 550
-339 -692
84 215
-692 -820
426 -479
-343 -115
-972 -474
159 -987
-609 -911
-63 -95
568 88
-293 -189
926 -184
444 177
514 156
401 736
926 -491
222 -685
-240 693
218 -954
-858 -346
353 -514
-46 -327
-797 -994
190 771
239 251
-954 10
801 797
-392 332
-709 -237
692 -692
-28 -347
-438 -359
-627 282
-544 58
199 150
292 633
232 -907
-393 906
921 501
-534 571
-787 544
740 -140
633 -871
355 638
-385 -752
-268 -942
920 -640
359 -537
-644 423
-816 -719
266 -900
-118 127
-29 766
-165 626
128 838
-185 149
-881 426
-502 609
101 664
-321 728
343 -54
-24 -283
-693 -986
-380 613
-172 266
439 -326
-757 -895
163 130
273 782
-817 325
865 641
403 -75
891 -748
-3 731
-787 -142
768 -685
-578 -269
176 -818
-422 972
727 666
760 879
112 -185
-960 738
537 767
-208 343
360 -152
-495 -957
-923 -29
595 327
837 684
292 -833
-370 -958
-751 448
-283 605
-558 -369
989 302
-73 796
748 -364
391 824
703 -382
661 -719
-684 -432
109 777
965 -912
-398 -384
580 -150
22 -675
-723 675
-749 83
-272 -576
28 -140
-393 -856
895 -166
496 -553
-398 -431
59 -978
-424 402
-130 -373
120 640
762 -588
-241 29
157 831
527 927
-262 952
-345 577
-643 408
359 923
-389 -877
-64 -52
600 -874
58 191
258 536
-889 838
844 340
273 695
783 947
224 642
-325 -435
546 -623
-302 701
570 -970
-319 479
55 663
318 343
959 291
-463 292
-612 678
322 90
-709 321
-73 -81
153 -875
-315 -214
-965 624
-176 -526
-426 -251
-406 -494
694 735
-857 680
-269 240
212 809
-161 190
-639 -966
897 -298
924 721
850 141
658 981
-885 581
759 354
-630 -653
-677 -700
-200 -74
-244 -122
317 909
707 837
-783 -708
637 984
-544 -888
263 94
-417 207
982 904
690 370
151 871
-704 -793
78 -982
848 -252
-730 830
884 -566
-377 240
-661 603
-689 -784
89 872
69 -547
188 568
20 -39
379 -904
-974 722
606 -372
-245 417
-673 -573
-680 -235
-300 489
-238 -565
706 -601
-603 -857
780 62
943 -812
-301 798
144 -663
487 653
794 -678
-795 -117
-253 -567
-67 -168
248 97
742 -660
306 552
865 443
-512 892
957 106
-904 394
521 82
297 -48
209 130
-269 201
-457 504
-970 -864
682 -338
-651 -181
-944 -716
-403 -402
-631 438
285 877
162 326
-189 128
753 673
-596 -619
264 -502
447 286
-176 -746
230 -617
767 452
-485 -833
844 943
-27 -212
875 -731
622 -826
715 477
202 -160
566 992
-617 84
-800 603
-834 149
407 -254
-165 327
593 783
-635 -765
230 940
-711 -212
-715 -59
963 774
588 907
-658 -63
-544 -525
980 -783
897 50
-819 -812
-126 889
194 -453
715 754
733 -808
-443 -769
185 -308
973 -212
-472 -447
644 -405
937 286
184 954
-933 491
66 -991
-170 -603
-346 69
-165 949
127 -589
754 -486
833 -142
-517 -270
473 -100
102 639
988 -996
-483 -353
463 -159
-7 -695
-899 -108
992 7
-734 -158
40 809
777 -870
-22 -432
1000 878
-114 -378
506 918
-818 -459
573 -829
429 -555
31 718
-782 -238
-75 141
711 731
508 537
-778 467
-249 -824
-51 475
719 -469
-306 -925
237 -825
120 -220
-476 632
-978 719
-92 -964
-786 -857
996 -87
-563 955
317 254
-562 -569
948 -858
-302 956
-822 467
-439 -933
591 -913
119 -371
-468 -355
47 953
-248 -831
-25 59
234 168
-541 185
561 209
-131 776
-142 -918
-281 484
293 107
-69 674
-866 38
-675 -689
-611 -475
-762 -5
-443 897
-533 695
842 265
-642 512
-954 586
-586 -638
564 507
191 452
872 402
-440 -944
729 929
-948 555
-44 -76
-537 12
-76 716
-101 -981
199 -996
-2 -957
-557 741
815 -438
695 32
827 -713
-104 230
830 789
790 696
718 -657
309 483
-886 -443
503 988
-792 -506
285 -510
-712 70
-997 795
86 548
-771 232
402 317
-777 591
147 -790
782 -488
-340 -880
256 722
-722 -157
-985 -354
174 713
-632 -665
713 -934
116 -759
-577 -782
176 383
-32 778
-434 241
-846 -489
-292 -729
904 839
-760 1
-873 886
55 731
-867 -842
-687 805
-56 -364
-745 274
237 83
-620 -270
-475 -320
439 -907
-816 -810
-702 159
309 -628
-954 -97
-392 507
870 -531
-782 180
786 399
-895 929
130 -30
-53 -919
-240 -562
333 -568
-552 685
776 -760
-249 -117
-232 49
-318 577
-878 -641
-17 -5
-669 -903
-991 -283
49 -224
774 944
957 -837
-673 -867
269 -977
763 902
-92 236
-236 37
705 -532
572 -338
549 235
-288 56
-222 -352
865 216
120 528
-223 -226
-667 930
-854 410
712 -808
124 418
-134 -777
-383 39
342 -228
-233 469
-932 924
386 816
764 -690
-659 713
-830 -795
239 868
197 674
350 700
74 442
892 -207
-458 506
-731 -94
437 668
51 -481
-256 784
-940 -788
-92 903
400 401
-663 823
-363 43
-118 -595
285 -228
648 -767
-493 -237
492 389
267 -624
-511 -501
-969 -888
-553 -320
252 -499
-375 -963
509 -610
179 -760
852 309
-112 -448
165 -794
-508 -196
37 -653
-45 -464
125 -421
725 -431
-839 56
470 -646
690 -876
-396 466
66 727
45 872
833 -790
10 10
269 -871
-765 668
832 -508
-974 604
75 859
-766 -369
-834 -898
270 -523
-940 429
990 -566
-491 -624
-896 -928
32 -875
230 -501
884 855
50 -44
393 -209
-328 486
838 755
-921 -683
-723 644
649 -430
680 -588
483 692
822 -68
-823 461
-231 -570
6 -324
-783 -783
120 -939
458 -837
-362 -50
-97 -190
-356 849
-274 431
387 357
958 418
-700 467
-147 -643
583 195
458 -805
119 886
114 -715
170 -936
-607 -20
-219 -616
-641 533
-575 -557
-864 -579
-827 506
-707 970
283 363
-780 416
488 330
-820 985
-344 390
-377 380
-873 843
-78 538
589 945
-80 -725
244 -95
65 -178
-289 -986
-565 211
833 252
-994 152
-176 -491
-736 204
-836 547
179 -892
187 -466
707 960
-791 770
-275 471
-657 -483
-261 -962
-784 -126
-173 197
-631 -926
281 -645
-711 -169
755 162
699 -429
-886 11
-369 785
434 -781
-928 740
406 343
32 994
617 -317
373 -870
591 -533
-183 329
105 494
-469 189
734 956
252 375
733 -912
84 810
-123 965
578 295
135 -60
408 -4
-882 -649
-69 289
769 245
-462 -402
-683 -943
-49 402
875 836
473 -345
836 -577
-69 -211
-12 596
254 -645
-810 353
116 927
-645 -132
-245 -286
764 97
-10 999
828 -865
670 616
389 23
300 -996
440 -157
-488 294
579 -148
458 229
-881 -530
-711 -725
-648 169
888 321
88 476
-599 93
-135 -437
987 -181
289 -847
253 949
-41 -323
373 -587
432 51
500 867
824 -612
-668 237
-613 48
744 -702
699 -873
-580 -859
-31 -521
-501 713
399 -465
972 -506
315 -919
-182 -529
97 -701
-903 -145
-421 228
347 -32
689 -683
388 -583
-162 168
146 -163
581 155
-336 -698
244 622
810 58
584 -963
-732 273
-49 -175
69 977
-141 -430
-502 346
-73 -241
-57 -473
884 -897
-147 64
-156 743
340 -188
355 -513
183 833
-385 845
315 -543
620 -671
796 848
-87 366
-124 -966
-198 -397
182 675
496 -577
-545 664
344 -857
-267 725
772 -739
19 585
-410 559
-175 960
-819 212
265 191
-608 -946
390 -847
-423 610
278 -267
197 191
-143 -801
-953 264
-740 766
548 -204
760 -417
-986 -816
492 -151
612 -665
-978 889
-726 85
615 797
819 -870
785 -391
163 -875
-320 -306
-430 -408
244 657
-199 178
620 280
537 0
290 -28
1 -76
801 -473
690 -75
-519 -470
-682 -667
-921 -270
300 267
-594 -986
-881 -40
-21 -492
-291 -790
98 -593
-127 -757
-209 526
871 193
530 628
788 381
-826 70
-721 479
-397 -722
-189 648
-245 416
-328 -779
85 -152
-558 684
527 823
-907 464
266 484
-865 -532
-322 -562
497 882
736 -356
269 -5
-789 447
737 602
36 416
-594 -724
299 527
-843 408
753 -138
298 977
870 413
247 234
-987 -393
83 572
-601 606
751 236
-981 361
