4592
434 807
990 56
-316 89
314 -647
-996 122
808 43
427 -618
-106 455
-546 66
-189 -586
262 -500
997 559
-880 540
-748 583
-331 680
815 -531
-982 -712
214 -62
10 104
654 -521
-50 19
606 52
178 -698
371 -122
-932 -767
516 887
-727 -385
787 295
437 -34
523 -197
-117 635
-452 189
133 -637
617 147
-644 -837
-550 -716
-320 568
894 -468
-334 -285
-150 325
159 -985
65 779
-239 226
-350 821
293 -560
-182 361
-512 -572
801 156
-250 -302
470 -465
-532 232
57 -601
-784 -635
266 119
258 -169
-724 -921
-912 658
-221 1
856 -703
545 31
315 -333
-306 -892
-803 331
645 566
-767 -543
201 388
981 462
127 -211
926 -533
244 630
-856 -186
749 -225
470 530
-153 -761
-684 509
-304 -647
-720 498
446 26
-585 -943
272 136
-475 95
-748 780
156 -172
-771 -782
-656 583
29 452
647 108
-67 -73
-287 -975
-475 -531
-905 950
778 -382
-105 124
-634 836
-887 77
-492 -869
-753 916
73 797
-957 390
760 -352
291 -905
-856 -776
-902 886
-117 156
-256 -628
-997 -346
-927 -650
-910 807
-442 134
-353 588
-16 912
293 64
-76 349
-34 664
-756 366
332 -392
442 929
334 432
430 377
124 -940
109 131
435 395
-834 972
-964 831
-311 634
-881 0
180 -571
57 776
998 -490
816 668
757 -966
545 -371
1 955
221 -656
-938 -411
437 -38
973 985
-537 -257
-608 -710
-829 541
959 604
743 -280
47 687
-317 -311
642 816
181 -937
-148 -718
826 360
612 542
64 17
-636 708
-544 437
-99 750
-267 421
917 323
-786 48
293 669
331 913
917 -898
-818 -47
586 -609
812 -163
-350 -272
-233 -668
-482 594
-397 -56
-146 432
-957 -594
956 786
317 297
-228 893
-567 901
-722 -215
524 -285
624 57
-645 -501
-471 -380
-143 61
-16 -665
-216 608
-769 172
-750 -258
-544 -990
-584 -169
395 -814
-779 -158
419 422
-455 949
676 472
-765 994
-836 -860
111 892
424 294
-743 -530
570 -471
73 -531
488 -674
190 969
-829 962
117 927
-275 778
262 -451
226 -365
-497 757
-635 407
-54 143
-526 530
674 -239
574 -405
373 -134
-814 -620
-362 211
203 238
-141 -974
-709 160
780 -572
-623 -759
920 -288
-7 332
180 -340
661 -516
-927 -350
256 -584
885 -385
495 -542
400 -284
-13 154
876 -21
-864 697
986 -872
790 -350
503 -356
213 -204
-627 429
230 948
498 -607
228 352
-165 -690
-324 -620
-636 792
238 74
-26 -217
965 604
779 318
123 847
-341 -36
964 -603
387 702
-52 -3
610 -780
335 58
-90 -211
481 -209
-802 -907
-226 478
703 89
600 -902
-731 -487
142 241
5 -397
760 597
648 -868
-826 -720
921 -506
-774 929
-289 722
443 562
391 -220
-387 -828
-409 904
-481 988
-539 -437
139 -494
809 -752
-562 368
891 -97
-84 894
978 749
809 -964
425 115
898 -583
105 -936
-697 369
846 359
-84 938
882 -99
-886 -962
22 138
949 -842
-915 -866
-873 620
307 38
159 147
-127 219
42 -583
869 826
634 556
-592 -201
-344 277
-829 -920
46 54
-943 -179
57 -833
570 227
-798 180
618 958
245 -847
-762 -883
-138 300
-660 967
-449 289
76 -968
643 -317
84 517
-402 396
449 -148
681 -932
301 -644
-29 684
-11 -512
-512 797
361 848
834 482
664 838
-520 -791
-492 -378
585 -336
117 -560
126 -226
976 -384
-314 933
-17 733
124 402
701 -284
324 844
-289 201
-685 695
-296 591
-84 557
272 878
58 419
-280 525
-659 -622
-443 -582
539 852
870 796
961 63
470 866
344 -148
31 -61
860 -654
-944 -799
-497 -377
-98 -650
-185 -287
82 83
-751 899
920 -285
22 696
-197 -178
166 307
696 -83
-693 216
-913 948
-635 688
-906 265
-970 323
753 454
812 -236
94 301
-429 -110
684 -639
-312 533
-647 -621
117 902
196 -996
-434 90
887 -376
-581 56
224 664
244 929
-314 300
-692 -925
864 -935
-189 462
922 77
221 978
-667 801
-490 98
785 600
-648 94
437 -929
426 -32
890 -169
-466 793
-797 752
-512 310
725 -226
774 -649
-575 836
542 -291
233 656
170 645
-323 -66
388 747
-401 481
-673 -206
-927 -929
595 -598
-301 929
379 -588
110 851
-527 716
590 -63
-135 -562
-830 -204
346 -285
-444 788
-718 -906
939 809
836 -673
301 512
432 -133
-664 711
-409 818
319 -761
-624 508
484 -592
-410 788
541 -569
-62 -484
-190 889
610 -1000
839 -891
-889 255
72 810
-316 -909
-737 998
953 416
876 -424
-972 982
695 68
775 -433
681 -307
-293 25
361 -910
-943 -262
-91 796
-128 -937
947 -432
36 44
-946 825
-455 661
-308 -709
171 -651
870 -858
771 747
-928 -290
-560 -881
292 -959
645 -826
-834 -672
-467 -355
-72 525
-636 -716
320 -151
-149 -622
385 -658
-560 285
-92 315
71 117
-158 429
-780 587
695 196
-114 0
260 106
216 110
581 -946
883 -877
599 396
-282 67
-841 79
-86 45
-991 -382
809 342
604 -63
-370 -957
-209 -949
23 553
-486 465
-422 771
317 376
925 -188
737 646
-220 65
27 -840
442 -356
14 739
234 -439
-909 -210
557 -813
-572 922
336 -610
196 167
384 564
285 666
620 -677
249 268
21 -265
-961 -522
495 290
-451 -122
-991 54
56 654
-576 -610
90 845
635 689
617 -496
-967 -874
493 -487
-27 575
-199 -744
830 143
947 730
-895 -279
-538 942
355 -86
-513 -688
-442 -244
-312 223
-726 307
-948 -576
572 790
553 763
4 -639
-106 -977
436 -185
-729 -483
309 198
315 205
883 137
76 820
895 957
575 -28
-84 111
106 -781
-676 410
121 -299
-240 804
742 413
879 814
-677 317
104 -725
-605 -217
-143 168
929 174
850 421
-8 -780
417 928
129 -251
-184 988
-164 363
-192 -518
843 -753
-954 -636
281 819
549 504
802 -582
-578 -817
305 679
243 -720
385 -34
-341 -433
-448 -231
-498 -11
-111 -675
-407 -186
288 353
-763 -489
27 -498
-526 -674
353 91
-151 861
-612 573
-905 753
-854 410
527 -832
530 698
194 987
-158 10
990 742
-754 561
-667 -906
662 329
-432 470
349 838
-984 185
802 617
409 -627
-906 272
-660 943
-825 970
442 -38
-963 -973
626 429
686 -671
659 -291
495 720
-355 -228
141 983
-868 180
145 983
-762 366
636 588
-104 164
-227 156
32 144
118 -680
-178 -966
137 22
-651 -615
276 -435
-187 -507
-84 721
791 -491
10 338
757 473
714 -735
-261 638
371 -173
335 624
962 -79
666 363
477 -368
243 976
-500 27
363 -558
-645 -795
-599 6
-232 -538
392 -297
-350 -455
-203 582
-977 124
-622 -447
-650 -292
-565 -869
431 5
-423 604
743 -836
-272 -217
866 748
-913 117
217 576
21 134
-245 518
985 410
89 -616
266 273
-873 327
-182 640
787 -255
635 -715
234 627
-963 599
410 -634
-464 691
-311 804
529 -531
90 -450
35 -879
632 -938
104 461
557 640
-958 -328
800 -110
710 575
819 -292
-782 416
16 248
-121 -375
-721 11
-268 77
406 306
268 502
-419 234
-971 112
-190 484
477 -753
-882 -5
734 -4
168 176
-464 81
-564 -358
-260 -411
352 289
-105 27
-435 -804
291 -913
176 -154
-831 626
606 -91
-956 782
264 400
755 -39
-335 -951
-623 -638
-979 177
-706 287
-897 -396
768 -586
-164 -220
515 -474
722 -394
945 -753
-372 -115
-484 -89
-786 495
256 662
812 -16
-954 494
-796 -393
-738 -582
-699 -784
53 259
228 943
-379 546
764 -546
-64 370
-65 -123
-772 438
-687 817
-922 377
870 -479
765 -293
-564 -230
957 -192
184 248
-636 -729
-319 -331
-984 41
268 848
995 603
615 853
-629 291
85 579
63 778
650 -565
413 167
-767 411
507 368
-514 9
-599 581
-433 916
-10 -709
665 -584
38 -22
509 393
-111 428
-768 -410
953 927
307 -138
799 806
-717 -944
-286 432
-442 175
-115 -533
745 -182
289 198
-219 533
-46 -387
-141 292
35 119
231 406
434 135
942 911
619 352
-696 287
-554 441
-626 308
-442 -239
-698 -673
190 -685
-959 -201
895 14
-439 183
730 928
-884 -431
-696 -762
65 458
-561 -368
843 818
-779 -533
562 273
-88 897
-874 -782
-252 -796
-172 -478
826 398
-909 637
-504 687
644 -557
972 -790
960 267
827 302
-893 -399
-82 472
-383 514
998 -666
515 -987
644 -104
381 811
89 386
687 -207
-631 -869
246 61
-684 -91
250 363
-952 961
133 546
872 135
270 890
897 103
92 -755
65 241
956 -56
-945 -40
-35 531
-220 -719
215 -140
618 -633
256 571
122 -392
-813 644
977 -483
-656 -501
-824 140
-333 -904
401 475
850 -18
-337 162
441 -903
-397 923
-70 31
-60 114
628 -755
351 -774
800 -32
717 256
-956 -992
-797 748
-383 -780
-896 314
-986 478
-464 890
146 -484
-138 210
-673 -529
450 -555
-289 -95
116 948
-855 -548
-795 -225
791 -708
939 -262
448 -40
-50 -910
-537 273
701 -987
-60 911
-889 -3
-28 401
-823 -883
-486 113
797 101
-507 235
505 602
-118 -932
-585 802
-841 67
-759 -714
-982 311
-819 539
749 321
624 203
858 -815
-793 975
-757 -928
447 -105
365 870
395 -784
467 929
503 950
-24 964
359 964
-839 -923
409 427
61 -657
982 -249
981 -178
609 -940
-348 -6
820 751
316 -310
952 741
990 177
343 812
-187 344
-379 -974
840 924
-971 -573
191 -824
-555 263
643 -732
-534 895
-762 -70
-690 113
585 546
-965 -781
-159 24
-862 -297
-821 741
84 471
-632 786
686 116
-649 -275
-529 137
421 -570
-93 -98
733 980
-972 -928
489 437
889 262
-443 599
499 295
285 499
26 852
351 481
684 -710
-687 438
-816 684
14 -55
-187 741
-448 -440
-512 -846
-101 -928
636 403
-329 412
-127 753
-111 581
-856 -966
-226 379
-607 252
-114 2
-123 -659
763 -847
-498 -799
405 12
781 88
-681 -693
-626 899
231 -978
-270 258
952 -417
278 -408
-755 671
-940 948
612 -148
926 507
-188 -73
-568 -298
-218 997
885 540
464 685
274 -944
-582 -169
842 -246
238 -713
-947 307
15 -954
193 955
-957 -966
113 464
-617 81
-421 -540
-36 -599
-785 -664
-307 -518
-691 169
-414 -667
-491 -546
-900 10
-434 694
-407 -860
806 -503
472 529
-209 953
123 501
685 -473
754 -503
-109 -758
-511 348
-471 62
-969 -958
-796 -140
819 581
265 713
652 -253
-797 331
191 -268
523 -555
-180 113
-938 -672
758 577
486 -835
-420 61
507 565
439 813
103 -308
402 -12
-267 -587
-940 150
709 671
588 902
-267 -163
14 -104
-309 788
-401 -109
253 800
129 196
284 56
-925 -766
-450 -366
-208 296
557 283
-216 -801
-955 -267
900 -148
-180 127
599 -334
-688 693
608 -571
209 157
715 771
84 33
84 -475
-78 -963
-44 -926
917 -980
-532 207
-421 -466
-86 -707
756 -392
204 112
-652 12
-146 974
387 380
-976 654
-909 40
-361 -409
738 -408
-661 776
162 -820
721 781
146 -237
919 355
-512 -921
438 182
611 728
134 506
142 79
-317 388
721 -847
-945 -394
493 450
-268 518
-434 -305
108 105
132 310
529 129
961 -539
-439 -961
-811 -927
-548 -799
818 798
922 -433
-253 230
-367 -979
367 -137
377 -162
-131 -535
-835 -103
-803 -375
-653 -801
343 615
751 -701
1000 795
209 -182
31 764
534 -86
-651 350
629 -820
-978 -690
-727 -682
-900 -290
692 137
-224 889
683 -686
622 -941
335 -14
196 -748
47 -938
-658 443
445 279
807 -432
-855 727
536 874
395 144
-35 533
965 750
-270 693
-225 -923
532 738
-412 -149
-751 969
-463 599
77 -503
-349 -674
648 812
382 -734
-795 964
-416 59
-272 -981
-331 -456
-372 607
-431 42
-131 -56
423 849
-711 39
231 -440
68 433
-956 -972
-433 -533
357 -78
885 -249
571 -190
334 -962
258 367
-677 -398
-397 -864
-75 -101
-289 189
643 632
935 264
-427 53
-539 -890
-959 -803
-289 18
-50 -61
76 -38
860 -558
324 -891
-780 835
980 753
-64 229
-474 -914
148 750
160 -787
387 527
-338 -65
718 255
685 136
-136 -749
764 -765
-21 795
-717 18
434 -671
-379 -697
-687 125
857 235
-259 -356
-176 -913
514 563
966 -746
-591 482
-861 405
-139 133
-838 591
29 237
-567 -74
530 -535
-591 -353
-182 -379
357 -104
-759 -159
-15 -339
-181 -144
125 -107
851 -276
540 11
-163 742
-446 -813
-31 231
124 791
953 -249
858 -939
-522 -639
-851 549
764 336
557 719
464 -748
513 -62
-244 877
-636 -373
-743 -455
-668 205
41 214
813 -937
-594 579
-23 171
-491 998
-330 -613
-113 539
756 479
-963 736
600 -885
-870 -763
-909 -624
-640 335
780 568
-404 809
196 63
948 993
-852 38
469 68
510 -702
-729 -909
834 -936
506 424
544 603
-314 214
43 -92
-899 -776
343 843
511 -60
276 -140
683 -186
440 277
157 737
-361 -89
-206 -776
706 -398
-902 216
575 915
816 648
-320 159
-838 114
51 401
877 -355
-506 386
-332 505
-487 -377
-924 -639
612 845
-687 436
-334 614
196 -974
-845 -744
-39 -288
947 -221
928 398
-493 259
854 341
757 -63
510 -326
-934 -63
-442 -945
888 -196
583 -624
726 32
-731 461
926 789
-601 847
-479 326
343 -314
315 235
819 441
762 -644
575 731
-544 294
-617 -319
-866 296
946 940
608 583
-797 -644
960 -82
45 850
-59 -930
-268 742
442 -837
349 -743
251 -934
295 263
-523 -415
-858 -452
685 826
786 294
-600 641
-700 -51
38 840
-318 -515
-185 -6
-932 -426
959 968
290 -410
893 -254
153 385
-637 -995
813 -562
209 -195
-980 861
928 -503
-232 552
567 512
-572 309
198 19
481 -740
757 860
-491 742
-214 -838
465 705
774 -226
231 -753
639 681
898 786
-396 -837
691 755
-120 -665
721 -259
161 145
-209 -565
-879 -578
-893 175
444 63
353 521
129 -87
-991 -231
628 -399
-781 189
484 666
-425 377
367 350
-497 -294
943 -634
532 -349
-299 190
-991 -772
-417 -668
-79 -118
-648 756
132 -299
456 729
715 -475
-930 588
-626 601
894 363
-447 187
45 -557
-285 320
26 123
-53 653
-824 -558
970 839
-497 988
198 56
-693 966
45 214
632 -666
661 507
-553 340
-996 -685
-197 172
189 234
-394 -400
518 65
-955 -752
372 478
419 278
592 132
-341 215
797 -625
-68 -287
-94 -618
872 636
7 845
912 -840
893 -322
486 -32
-557 -290
363 4
-837 86
-983 264
745 453
610 -227
-282 -885
-205 -114
-801 486
100 -219
25 172
-758 57
620 577
-539 1
-262 66
652 -402
332 740
-384 -53
395 -912
497 -431
75 -967
860 -155
160 -504
514 62
-876 -674
-224 -313
-532 830
-67 -965
-789 994
59 -379
-415 789
-332 420
537 429
-409 761
220 -255
763 508
236 -529
-909 -414
843 -18
600 -338
-688 -672
-762 -911
741 99
-373 854
-593 -706
6 698
-584 923
-85 292
70 54
-20 -872
131 -954
914 -78
5 -390
715 303
699 510
319 554
-828 52
-1000 -304
-920 -247
-322 419
876 -720
-269 -125
716 -387
-873 -771
562 395
-60 701
915 -724
657 -401
373 112
-747 624
631 227
-257 820
672 -827
841 -893
-853 -207
684 -869
91 -42
877 -621
-569 -913
-876 612
-900 -632
66 -594
-300 -254
-388 -428
-504 -599
-531 536
842 -293
912 958
271 -837
-471 476
-907 -559
205 -446
-733 597
-548 341
-453 -526
998 -640
-954 -549
-213 -175
556 -142
-50 695
53 -570
185 -207
-189 -121
-646 27
390 -91
-243 139
-717 -651
-487 126
-286 -220
747 541
223 -398
-268 -356
0 -867
830 -564
-134 -596
48 -397
-161 -615
348 10
215 469
-819 499
557 -676
-818 -990
488 -668
969 892
412 -385
-522 728
480 -196
-33 332
-603 937
592 825
640 792
-118 119
742 366
225 -722
-35 -912
193 143
-930 922
-694 974
530 -959
-864 -292
63 715
-92 769
996 654
744 136
-953 296
39 -963
-978 -635
708 -555
-813 275
411 381
261 -877
-261 -609
-1000 -729
-659 250
-196 101
-492 -864
-931 101
-587 522
-716 944
-954 -267
-574 4
-392 -844
545 59
531 -335
-396 -808
-70 -279
63 -489
-814 500
20 613
929 124
-26 -390
-146 982
737 745
-704 601
-839 365
965 -476
608 45
-872 491
40 -997
842 259
930 145
940 296
294 55
-3 116
924 408
-606 -93
436 -182
498 -297
-337 672
-699 766
-538 -592
570 321
-385 -730
-686 428
473 -62
490 896
-109 112
444 -42
-964 -405
-905 -464
461 16
-739 3
-66 306
-395 -767
-60 -886
-29 964
153 -532
-525 734
-74 -14
-190 605
-117 -707
301 460
504 -945
659 975
-615 972
-966 -486
-903 -414
108 -784
209 45
-730 295
924 317
277 -262
832 -743
-302 -156
-859 -111
606 -402
-708 -132
446 -433
-73 -852
-707 667
112 -381
558 -134
-369 310
-34 864
639 -577
-481 -906
721 -436
513 -821
287 85
316 -512
-88 -175
-539 70
-810 432
476 -512
238 29
245 387
361 73
413 826
-522 546
-843 -272
-137 965
-586 154
-358 -564
164 908
86 914
38 -517
892 -578
-717 692
-72 58
84 -601
251 -268
166 872
138 -803
-605 -844
5 -768
-190 850
70 -559
-545 -495
-795 346
2 209
-590 -624
-100 -720
-75 -961
140 875
528 -691
350 649
1 937
-484 646
-403 -205
-240 659
132 -715
295 707
509 753
859 524
208 36
846 -481
-253 -124
867 -588
-653 -926
-924 722
731 465
284 111
983 910
874 -771
-370 -655
203 -740
-103 -956
260 932
160 539
-155 -859
-450 828
947 746
-694 778
493 -910
-222 438
668 543
-503 -771
-340 -809
-890 426
64 244
-652 -418
446 -984
965 178
-453 -280
728 -477
166 455
136 284
-944 -87
-500 581
236 -361
-113 539
-161 -174
-731 270
338 -32
997 992
-67 864
29 609
-120 984
179 577
425 426
-802 -805
-464 719
-148 860
165 492
379 460
-884 -166
289 -449
437 260
-416 889
-357 -273
-584 647
920 -409
-248 -787
228 671
-446 725
64 -733
-314 -210
-366 -704
-556 487
960 964
162 983
-267 -122
150 502
-633 -533
106 -67
504 -438
512 711
69 749
658 -527
42 549
-98 -33
246 45
878 -810
684 73
-908 -166
-419 -556
46 391
-668 -253
-617 -634
57 160
102 -784
-160 15
131 -359
132 6
-773 276
-489 592
819 295
871 -896
-873 105
-581 800
438 -560
957 -178
556 -891
589 -474
-80 799
-999 -417
-830 603
970 687
82 -553
535 322
835 682
-985 -212
886 -708
987 770
-888 -896
-490 -605
367 816
-30 -247
223 18
826 -541
499 801
-82 -222
473 59
-546 -305
-332 274
-921 953
326 -720
-923 177
-32 -120
-590 63
121 506
606 43
-698 -6
-308 -13
228 -168
704 150
-829 -988
-769 -763
651 -69
30 -766
-712 -328
165 386
482 -88
782 -967
-378 92
-989 192
445 -790
-90 48
-911 -358
-518 -368
-867 659
748 -70
921 -253
302 -806
557 -448
867 539
420 139
77 -308
131 -53
-844 273
702 -657
-797 773
-908 57
-936 439
907 510
650 377
462 -142
-894 533
727 -902
849 -243
-542 154
888 -290
-460 -961
773 618
-627 -550
602 -430
146 895
837 484
-886 -116
-231 468
-811 -488
-926 -87
787 230
394 708
468 -580
994 22
-998 644
372 362
125 266
-64 -804
-58 -301
-452 -565
-196 953
807 738
103 270
-150 -576
-44 305
-516 -207
429 443
-907 -991
-931 -859
-899 -474
758 -499
-341 917
78 840
-250 553
-159 269
98 874
-594 -129
569 171
-886 473
517 -826
540 -120
-813 -718
414 -869
790 -215
-658 858
-247 201
907 -941
-185 430
-469 -393
392 -738
-539 -153
448 830
-104 516
-695 -123
335 19
-692 286
310 566
-257 441
-976 773
669 -633
-557 -441
-500 186
845 -77
21 -822
161 229
476 393
481 794
447 -188
-30 133
728 882
-52 -583
146 57
-492 87
944 186
-243 -9
-186 -852
896 -792
31 940
447 533
-656 538
-107 -653
686 243
208 941
257 -430
964 946
935 34
-331 -93
298 233
813 -606
353 -47
-915 436
-438 -931
-384 -801
-429 612
-290 -16
510 -145
872 455
-646 366
-705 -553
-497 131
23 110
272 633
402 645
409 -794
19 32
643 226
69 614
390 72
-958 179
-1 789
928 887
-407 -285
-783 -169
903 339
-623 -25
6 -245
-121 553
883 -786
-364 -467
-899 -177
676 -786
-525 417
-866 -355
-337 -838
847 841
-995 481
612 34
287 -908
336 -627
645 936
-140 135
772 321
691 302
-462 -385
-574 904
904 126
389 -358
-988 343
-555 -573
856 242
-231 -193
197 680
-377 -524
-191 716
126 -745
151 -275
-174 316
976 135
-233 -222
465 286
280 -587
-718 -735
554 929
-139 938
-413 -682
-673 -588
217 325
295 836
290 -649
-433 495
-445 652
-687 -337
829 922
839 552
781 132
313 -705
878 927
18 745
-666 -601
-609 -756
511 75
-394 162
302 178
196 -142
289 -458
-140 -544
491 942
-979 305
-525 -567
-447 802
222 -261
240 445
852 -765
-242 -391
706 139
413 289
599 -291
400 635
312 -148
434 300
-661 386
-635 207
-424 -457
-743 328
457 -858
372 429
11 878
-387 -746
440 866
-355 -319
528 888
477 510
-842 -262
42 -896
-957 -815
-951 896
-495 126
658 -574
883 -301
-104 657
-923 -646
-136 -645
991 -521
-456 35
-769 78
-516 936
177 -475
-777 -131
-207 -567
874 -907
-319 600
502 -470
-106 968
361 345
232 -425
406 -559
434 998
258 -90
780 61
-262 411
-160 529
799 -329
-165 466
-368 -867
290 -97
940 853
-701 662
-849 -946
944 -450
239 788
-75 -887
-934 840
-397 783
586 -963
-123 -205
854 824
-454 -720
-740 491
320 -952
-136 833
-253 -461
-119 -704
-877 -35
895 -484
803 258
844 393
-125 -41
-712 -1000
-148 883
-286 752
280 158
-1000 888
-185 -337
-592 513
-557 -402
542 630
-497 -34
737 -869
-137 -716
-558 -431
-994 -393
-928 640
-693 -148
-328 -799
128 986
-397 716
-745 122
-349 902
-17 -912
-724 -785
36 516
815 511
805 -102
827 262
424 611
-120 -352
-951 -889
203 -518
-445 263
-965 651
-401 -372
122 911
697 743
84 -552
460 -728
-125 585
-537 -543
-619 170
213 555
948 -405
-15 727
-425 133
342 -715
-274 659
-605 -297
-246 -507
-515 399
468 -468
-792 300
-141 623
-859 -675
-242 -237
129 588
839 848
508 485
-804 492
-123 -399
469 -878
322 397
-203 -842
-253 -721
-833 845
663 -259
718 868
-937 298
-690 -227
688 -99
-989 695
140 -144
-211 -701
-479 544
432 -673
620 -181
641 120
-659 478
596 297
603 550
-607 659
-763 197
-253 423
-265 -912
294 -177
-716 631
86 -535
-458 -109
349 -907
887 20
567 -550
-30 36
129 537
483 537
945 482
-750 -809
201 519
901 -890
-992 442
-363 -720
-103 530
-947 179
-867 -959
928 43
22 671
-352 -893
6 690
-617 543
729 -494
-711 609
-41 339
605 -390
-134 632
453 -802
-49 714
-632 -346
382 -686
-482 -970
-745 -969
-681 -198
-381 -476
10 -845
-432 34
-927 -951
-525 133
-33 -182
-663 340
900 -881
914 87
-792 139
80 1000
200 105
-539 478
454 -227
828 468
-92 -668
802 754
406 215
-182 265
-785 -1
136 85
823 244
806 675
-466 -34
123 844
-527 -308
-326 155
-201 -592
131 351
-363 -708
792 -933
110 -39
679 -24
-339 983
402 -350
449 876
266 571
-681 -64
978 -602
-223 876
746 -48
937 958
-339 204
512 -332
236 -412
-897 -95
-353 562
-334 -235
764 -864
74 -78
-738 -654
903 647
921 -735
-166 -21
970 -1
-762 800
339 -989
241 167
-600 432
-386 -974
-881 74
273 886
988 352
-707 -562
-758 -916
28 -244
-210 202
-357 -776
138 -339
606 771
791 -186
-108 278
-501 468
837 253
-939 956
424 225
-579 -887
-493 707
-452 -692
-563 -711
-320 541
-411 -855
-819 -915
988 788
790 149
419 -551
-202 652
946 -406
-791 696
621 -408
-232 -845
736 -926
992 -463
982 -683
-88 836
-707 -437
726 -644
47 812
-39 687
409 777
-554 -253
544 856
-836 -748
208 -933
405 842
108 -925
-852 -489
-779 535
-360 18
-188 -208
-737 238
-830 -187
227 599
-653 -292
-78 -938
-241 -732
-632 -370
-808 512
69 -486
-560 -719
-253 449
49 77
-551 313
-147 439
-744 962
451 720
536 163
-640 412
-158 -307
937 327
-766 126
337 -470
-875 -216
-15 322
355 479
835 -114
80 178
-158 -599
-454 -297
-309 -381
804 -855
-925 -953
-62 -750
894 -817
291 968
142 -74
743 392
-262 -699
-839 128
-466 -467
-660 981
-974 21
-962 -531
-582 834
105 -867
-193 -107
-302 -506
-580 -492
-541 175
-235 -32
-859 -206
687 -637
-631 -490
374 879
-756 -522
354 -472
-901 999
515 -824
862 147
-784 -661
-36 -730
-577 -72
-281 -297
-643 -457
787 988
78 -523
-527 -646
968 -523
-886 953
-495 808
570 307
-706 -640
783 736
721 -744
805 862
-72 697
-850 -816
494 552
-264 -74
-715 -139
226 -584
-814 -711
643 -975
63 -579
368 430
-573 482
-504 786
-572 410
-518 -970
-847 -409
-702 127
-355 930
-124 -501
806 -457
704 -182
127 938
270 358
-843 560
939 -51
-603 -999
-551 -411
-425 -123
581 -816
-648 821
-51 -439
153 -675
778 -272
19 -864
-210 192
277 -672
77 661
587 755
-19 778
-65 -990
-966 443
755 -243
-373 -723
-758 960
-550 247
-123 252
-852 401
-210 -141
-800 -234
527 -31
-341 146
507 -110
-688 818
171 473
13 -771
597 -738
315 210
741 -455
-411 884
141 563
-723 -706
-972 763
-120 860
-24 -516
624 756
439 802
-283 942
-72 -104
878 128
-417 168
-27 -839
-675 -761
-654 101
-66 780
-558 -423
-869 -336
839 210
247 -348
-506 452
-351 -489
-666 -267
-107 -327
-715 -217
-742 -498
-191 501
-249 350
-779 336
-46 -380
120 490
-776 -482
500 -80
430 -719
-217 -420
-680 919
56 -315
-519 914
-418 -39
80 808
-259 -83
247 -467
608 724
502 -96
-332 -149
969 -790
812 -302
8 -436
-543 -464
895 -1
754 -579
611 462
471 111
-611 808
199 138
-97 -664
704 -413
816 -607
696 -638
-506 562
385 179
775 -337
-557 554
-424 794
-960 230
-547 674
-572 823
845 286
-911 679
497 -673
-547 -781
-444 904
-882 -83
-35 -198
-413 -64
465 960
479 -563
-246 -886
-813 385
931 -958
-617 462
-961 889
272 439
-608 651
575 562
577 202
-486 -473
-180 -731
-37 -257
-302 -26
-563 834
-523 649
-459 75
-688 955
101 -987
611 -654
-601 485
-365 -272
-232 -13
4 -236
-32 -65
-666 -332
155 -63
-29 950
-114 -259
350 -111
395 -574
-76 824
339 687
-948 -237
-993 -714
761 580
-724 825
-838 -991
-705 529
815 -63
507 135
859 -702
609 552
942 403
500 -759
-684 -944
-746 -542
-657 -243
28 539
261 560
384 627
325 200
446 -482
735 -434
-665 334
-411 -989
749 -283
288 -794
-386 -765
-951 203
-874 -658
607 913
-446 235
88 202
-870 190
727 -18
19 923
-877 -344
792 719
-913 -118
187 -688
698 -427
337 752
-131 -694
497 385
-635 381
418 521
409 -931
936 464
-202 -174
-688 -727
54 945
-181 -997
64 -862
-699 96
-961 263
86 -869
826 -937
450 61
-317 -2
99 110
-992 -478
164 -944
-754 423
-773 -335
-402 -715
515 591
-592 -441
753 -972
-925 383
-360 613
789 -856
427 -400
886 92
59 -603
67 -781
306 581
-331 -315
591 -616
493 -448
44 133
363 821
431 -674
518 563
107 610
941 157
-755 -866
-26 -121
199 623
197 -755
-857 325
102 54
-406 13
-646 -735
-970 863
-641 -690
756 631
-826 -259
578 -871
158 844
749 958
-239 327
381 -318
-972 -146
608 932
678 123
662 -983
483 -563
-628 495
-730 284
-925 653
975 790
583 -353
570 43
-115 -271
-707 673
479 462
770 780
-233 -513
184 452
60 -269
-885 -9
53 274
-847 -894
958 -674
397 598
778 229
-483 -898
-727 -236
758 923
-9 660
801 414
-639 381
184 946
-158 567
917 -109
-424 443
292 -134
-794 -52
320 9
743 222
-355 878
449 122
177 172
161 -707
106 142
-349 -202
202 -769
-92 -896
84 584
-988 134
606 812
-871 111
142 472
-188 556
-459 -792
933 -451
124 89
-254 -901
-591 -359
998 -10
-654 -412
-198 312
820 -864
-998 170
556 -48
584 -361
-559 -172
523 778
633 756
303 -524
290 232
-617 969
562 -398
-90 -911
834 -696
820 173
-12 -394
-251 63
-18 647
-318 -349
16 -96
217 300
-376 413
-878 876
860 38
-149 590
-856 680
-86 741
173 44
-902 -514
-709 900
-405 757
-572 319
-426 -542
210 328
415 141
179 -335
-308 418
-115 -122
-762 114
-959 708
-720 348
-236 166
946 755
107 -752
-999 367
243 -695
-669 940
145 -316
354 670
-613 774
-965 21
-698 652
-593 418
955 -330
-344 236
253 770
463 -553
-540 980
-383 -294
227 380
523 461
2 -555
695 599
245 708
94 127
871 -186
-445 -908
-225 -705
-354 -467
941 -336
-622 193
-699 70
972 -110
-835 247
-790 -907
946 -83
-434 106
-735 243
-323 -808
305 264
523 -673
-457 552
-851 600
944 -273
485 588
-819 801
980 695
-547 732
-79 398
535 955
423 295
298 531
-240 765
-549 790
930 -965
-391 -461
-15 -356
840 298
-325 -350
-349 -415
444 481
-390 75
-529 504
-175 262
484 -468
-645 -653
-1000 -252
-984 -578
764 622
752 -567
-923 3
914 100
-817 506
-413 -946
363 -828
-854 395
-821 143
378 614
303 -884
718 -965
944 -537
846 -640
165 196
-703 -335
364 -418
-564 703
97 806
502 -227
-585 93
404 787
-908 -397
842 -723
627 62
-951 768
861 -141
174 680
-426 255
-660 708
842 338
-418 -692
688 204
37 988
-344 817
-922 -826
588 -273
-261 -195
-632 329
823 -188
-392 -625
-480 -771
558 135
994 -486
382 504
-688 465
741 -665
27 978
536 894
89 405
709 -85
-244 69
418 -491
-497 115
-431 -548
128 -667
-493 -203
834 -391
996 -157
595 400
72 427
606 -433
-73 -748
943 -179
-258 423
497 811
159 -937
-39 -336
-74 -540
-110 -882
182 149
496 501
48 -320
-590 44
234 66
462 822
321 -713
595 -148
832 486
845 397
-76 963
514 623
-402 -288
715 755
631 -467
512 547
-150 -527
520 544
121 262
-9 -454
194 -515
-909 100
-402 707
-450 313
-928 332
143 -981
-584 891
833 124
-71 695
405 854
-783 -691
730 106
-226 -279
-519 221
-653 -904
491 762
-29 955
-203 -932
539 -42
-31 -825
590 -410
-841 496
948 859
-126 470
850 882
-826 164
940 -686
-179 352
168 52
401 -84
-796 -720
888 -559
857 -716
89 -486
-527 159
-397 364
-225 -25
-728 -131
-577 716
453 746
-329 -315
99 195
634 -358
403 575
-524 -526
206 -134
-36 -209
-494 426
-732 649
821 -85
-54 564
-750 930
558 -846
-794 -252
210 -261
250 421
-613 908
-716 -787
-874 321
143 353
-717 501
962 -143
433 230
-120 -598
533 74
-720 -880
-751 379
-869 353
-492 375
126 516
172 -862
-846 -79
39 916
-505 231
492 -680
418 -85
686 732
236 500
-263 -21
-521 -99
668 -619
-118 -987
-307 982
-68 314
918 573
5 -525
-778 -493
-726 157
-284 -911
-230 331
-336 77
-513 -497
26 -53
820 -724
828 172
-196 -679
-434 926
-241 830
229 532
694 472
-100 647
-810 -409
107 989
-402 -993
-448 447
-55 389
694 -990
-23 231
48 -283
66 649
672 -827
141 -438
905 940
-654 680
-731 935
929 -758
-194 655
240 861
-923 -110
-828 -400
717 -684
-442 572
443 -463
576 -459
-864 -664
351 565
90 -285
699 463
-871 746
576 -555
-658 637
-199 685
955 -114
598 270
954 -31
-431 -15
-584 -193
-289 469
223 414
-812 -348
-239 455
-790 161
-619 -257
549 189
254 583
868 253
950 893
854 522
-686 285
-322 -125
995 714
216 -854
-813 47
898 634
558 -104
500 -520
437 -848
371 243
19 -145
117 -461
-242 31
-356 37
-946 -633
-20 776
910 -662
646 -756
-530 -44
659 909
388 977
103 436
850 978
-767 4
-798 852
876 543
-665 548
-34 61
-185 -146
103 3
183 641
869 434
-806 -397
277 100
28 545
-662 -921
-380 -390
92 758
495 653
82 233
429 -561
-698 -377
-51 956
283 774
-884 910
-679 -379
397 -589
40 668
-362 -170
-934 64
-391 -617
-512 -408
684 -912
-963 -106
-898 955
-65 -210
-663 -226
597 -530
-869 393
-154 197
467 -27
499 -975
936 -846
306 -103
-783 -562
953 271
-468 311
239 -875
-878 659
-898 409
-900 395
-18 -854
-262 773
-801 -490
140 -290
-307 -959
782 194
-870 -641
861 -974
-246 -276
-913 248
-820 -523
-286 -65
367 -463
-594 -74
-315 525
-652 29
348 -933
60 692
687 -576
556 291
-190 -100
126 -889
-485 178
-209 671
-328 509
-401 750
232 -614
-916 798
589 195
500 -278
58 -246
636 946
-377 -218
-562 -108
439 -236
193 -315
681 131
-565 -386
947 207
-961 -264
499 -621
857 167
-700 -194
-241 -620
-879 222
870 513
-13 510
879 373
808 -354
407 -327
-387 -991
-77 243
-49 -422
-768 -44
689 144
-114 -630
-946 523
418 374
-916 -215
874 -822
-522 -14
982 209
-955 401
-390 689
-129 -525
-353 445
816 974
676 -660
33 16
-745 -309
-817 -513
279 992
28 19
-303 536
-751 781
401 -340
-976 -962
642 -552
292 -83
785 571
-345 -425
-768 847
-470 -264
-95 -516
504 646
624 97
955 -430
798 706
451 -221
-106 902
-809 -800
249 125
-832 -714
-396 -833
-959 408
-97 392
-919 -110
195 -848
-592 586
-351 564
834 -166
-590 596
877 413
-905 -134
-218 739
-544 221
-913 -137
465 853
934 627
-496 499
543 845
887 554
-694 -860
369 369
-308 688
-793 -771
545 4
-370 -177
-394 -786
336 -967
-58 888
807 -317
-749 -677
901 -320
918 240
773 -768
144 799
-390 -828
-726 -993
847 913
170 -301
150 -941
149 -929
-9 -162
542 -797
638 600
884 -603
913 745
121 369
-536 -171
959 -903
-196 -422
528 219
613 855
871 -896
-469 767
892 -631
869 676
-983 -118
268 -41
666 -626
-101 58
-248 -139
60 -716
461 808
244 -873
838 -489
-324 563
75 898
-690 -168
799 641
823 57
350 685
139 -811
837 -381
111 755
-423 -247
192 -69
951 -996
311 10
-565 437
-683 704
73 -890
-993 -77
159 -458
-456 175
180 365
682 169
879 -555
757 -367
361 -69
430 65
-920 650
-587 -674
-515 762
504 -418
567 212
686 839
406 -647
948 149
-27 -112
856 547
-791 -35
-727 -624
-441 -353
-29 212
-498 452
19 429
-278 374
861 536
873 927
-580 860
906 -452
-304 -575
-843 -362
-192 567
-565 125
-990 -905
120 -471
835 868
-809 523
512 60
703 290
-9 -879
498 -454
244 685
278 976
914 -888
53 -284
-731 697
-961 -245
-511 705
-944 714
-629 -519
489 -823
298 -880
97 -89
745 744
251 -670
853 383
-728 -270
167 570
454 -636
616 98
-4 259
880 -6
-516 205
-2 644
280 -529
-682 -314
661 -825
-587 -477
-229 499
419 239
-630 99
-852 994
-589 119
752 494
-122 863
339 -316
668 -642
-161 -8
782 -422
-489 531
-378 537
74 -762
-262 -241
561 40
608 -814
246 538
920 -224
-801 -40
-333 568
424 -845
-709 394
904 189
359 800
84 -943
146 -796
415 -688
694 -548
932 -458
-104 555
-456 -698
867 55
-723 308
689 726
230 722
161 -510
-93 430
-378 241
884 -235
-105 460
-719 -830
-307 -228
-748 422
789 -951
389 670
-340 86
-309 -627
315 -690
-880 857
358 909
-998 -490
-313 -988
656 118
-48 -89
898 -850
-482 97
-184 -351
478 -414
-910 -964
-624 844
675 306
-202 232
-188 -245
494 -445
606 90
854 502
10 370
-968 764
-678 163
-939 949
-441 961
488 -636
-896 -449
594 227
236 -643
815 645
578 -771
-26 -78
664 -483
814 406
641 -439
-394 349
67 -746
412 206
-882 -49
-226 309
925 -551
929 823
15 -444
618 912
-110 -882
866 540
3 832
-935 -573
-68 -125
194 -984
174 -942
-458 -124
245 -377
928 -706
-524 714
771 395
-646 -190
-357 389
893 -632
-346 75
674 216
158 108
492 -68
735 282
954 -676
-994 -278
-33 427
-903 -736
-869 447
604 -168
32 383
197 -424
937 -512
28 -897
-47 -333
277 305
672 -603
-60 897
378 -839
-823 172
-237 458
-390 559
100 -381
134 -313
-722 553
-736 -308
-573 -418
-791 -571
-112 621
-805 560
-559 8
990 417
192 -656
-336 886
-925 -357
-403 -507
124 -503
-648 -155
655 -239
-851 -165
-89 -113
-75 -685
246 965
644 -488
32 -992
-398 199
-707 -658
-582 -195
691 68
359 -905
-76 615
-365 861
103 -267
-760 -528
-361 411
-435 582
-411 -312
-268 489
-81 206
108 133
530 -376
97 254
-862 -779
729 651
981 678
-129 -950
-345 471
-551 -721
-284 532
636 -98
529 631
848 -505
71 89
150 -853
-429 687
725 -918
389 417
-655 -818
-828 -632
397 -426
-690 -595
270 -470
-5 973
-63 -414
-268 685
-520 701
-625 801
-29 156
-943 -703
-319 -875
849 753
-400 -135
1000 211
-531 2
60 521
-164 -420
709 484
857 637
-30 -896
-392 -370
-562 -475
-752 -154
-881 753
97 -587
-52 -547
-540 105
844 -86
-147 292
-664 489
-771 542
-58 -603
296 -937
-884 -4
762 965
257 8
46 533
-963 294
64 -415
-468 -870
737 -532
517 441
64 -774
-853 -695
360 49
-774 -55
416 -142
-34 99
-249 662
-314 115
-142 839
777 -783
-151 7
-827 321
773 550
52 -309
-509 166
-534 19
-109 -651
-560 -348
-794 498
522 -547
-349 -386
322 -837
-18 -239
685 -567
-698 -279
-830 188
-244 -878
-982 -115
54 -52
-599 -3
-495 -693
-36 -773
-142 971
158 37
486 -678
-487 -710
-425 548
-416 956
914 893
-371 -867
587 701
-527 -658
488 447
299 981
-405 -29
-852 915
-385 -593
-372 980
-643 -233
-912 243
-885 746
-334 867
627 -523
-159 823
379 -970
-584 -505
-157 -372
-31 273
-661 973
-769 -495
-606 679
-703 -688
-291 756
886 -730
-486 -906
439 949
-503 191
638 -82
799 403
21 442
222 -629
-948 -481
782 756
425 161
72 -942
-610 -572
454 -36
-883 601
485 112
710 398
402 -761
-392 343
-185 -880
489 -63
809 997
76 839
-493 -8
-183 -215
-895 352
-279 741
-206 844
159 283
816 918
-894 -673
-66 -312
641 -974
289 -481
-162 239
-54 -689
-165 -629
-724 644
453 -311
-240 591
-175 -103
-830 -26
789 -895
-361 -405
979 -990
960 -755
-684 -859
781 189
-951 294
983 -697
-509 -116
-281 915
223 24
978 841
-799 -299
-422 634
26 5
474 -179
-266 -868
-671 562
-372 462
-944 -771
990 0
-1 -750
-90 159
-681 -645
106 -909
771 315
7 -805
-781 -280
568 -736
634 726
494 814
406 383
397 -762
354 -132
731 61
-80 394
754 503
858 -331
-281 -660
-607 -783
-868 -950
23 895
-297 -325
-668 -798
-423 -39
-456 -463
891 -323
180 -852
-536 -134
37 -504
-344 461
940 -940
769 -708
-990 -271
753 420
264 211
-247 783
25 997
667 981
-829 -25
713 986
657 898
-284 -642
648 -296
5 -663
-208 906
614 -743
442 -523
-765 835
-674 -613
313 -904
-324 -219
-432 -586
303 -238
23 -324
999 -524
-5 -357
-880 223
96 380
-575 741
-313 -667
-663 -324
587 -126
648 769
-955 -168
-540 388
-176 886
958 482
-425 769
-194 -716
-559 -149
-770 149
189 -718
-553 393
-326 257
17 502
-226 553
-77 -863
-322 -182
588 -42
670 530
101 -472
-345 -578
-705 291
-813 -814
965 -552
-167 -90
959 474
-961 -153
-92 135
-883 122
-935 299
789 -555
-155 -328
-115 -591
214 588
-966 515
839 -378
709 865
433 -717
768 -602
583 -226
821 -654
16 16
128 -127
-87 -311
-95 68
-784 -722
-68 -69
91 158
-958 91
-984 -975
231 -293
-943 -934
-480 947
-759 -877
-761 6
-118 336
31 993
621 346
-342 563
-345 232
-438 -237
82 602
503 -605
358 -646
79 793
744 -959
-57 601
388 -694
-656 490
-682 865
-480 77
142 479
393 158
-896 -214
-565 -692
-845 103
159 -709
-471 506
-373 811
836 -497
-955 -147
-770 917
168 -984
442 868
435 -94
320 -556
-868 837
-399 563
-897 -475
-376 286
908 -257
-228 648
81 950
995 343
545 238
-20 952
-993 -394
-335 -950
621 662
-284 334
219 99
-366 -707
402 -48
-136 -504
-222 -32
-793 251
9 -442
705 967
859 865
-137 112
705 806
-248 -45
-890 807
560 -690
927 -772
947 -277
-11 -75
-107 230
-383 938
-587 -766
106 -127
246 -332
-826 -692
73 759
-959 355
699 -933
213 839
-614 -522
-210 63
-518 -596
274 -749
-666 964
-429 714
-192 675
-263 -970
-810 -950
-161 -404
-327 638
567 601
7 392
676 -266
96 -725
-485 816
545 -210
-416 -399
471 259
89 8
266 -944
-948 -24
595 668
-231 -678
933 -561
-300 573
-963 -658
-71 354
-390 487
416 -716
-430 695
-91 -498
-318 35
-312 972
-909 -305
-146 540
61 689
256 -759
722 931
613 -596
141 348
-285 -96
-307 -293
396 -209
-69 -813
135 -316
-730 -439
587 -870
670 -39
-162 525
869 734
-862 -179
287 -394
-842 -186
-572 -8
-791 665
883 878
-20 -390
579 885
-764 349
-640 331
-803 -302
518 731
-404 616
-261 -208
207 639
-558 45
465 54
842 -8
-777 800
818 -572
-809 -65
-982 46
-692 845
-227 -872
11 780
973 754
421 608
-558 -85
-237 -201
783 -672
554 268
-577 26
872 992
-896 621
989 502
166 303
-135 196
842 -890
381 -478
695 -606
95 -491
834 257
499 480
830 438
918 -80
308 812
-758 280
-112 -171
712 358
-369 583
693 752
797 -107
467 -581
538 -307
-719 111
-389 -287
-87 -26
-567 -708
618 954
-379 981
-723 -979
-701 -851
-962 -223
-192 56
-441 -452
790 -817
864 -460
12 -859
-505 108
-345 862
990 -296
-408 809
-431 875
575 -910
-166 434
887 -544
168 507
-245 -307
90 904
-607 -377
-133 141
-742 -600
-80 -48
-473 200
-340 84
974 -797
701 634
-90 -268
-375 -914
415 -642
732 -133
537 -609
-136 -331
-384 -129
-655 892
-124 -159
85 -973
999 -540
85 283
-256 683
418 912
304 -889
769 800
-419 962
-592 -183
522 62
-210 334
526 -900
-969 507
635 -147
-976 307
-30 853
398 -401
880 91
287 -391
-962 -446
871 975
205 499
813 912
366 67
899 94
-742 -814
-357 -360
172 641
-50 541
-777 516
-719 994
441 216
-106 526
353 212
784 542
486 -604
983 -712
131 -724
455 -973
-790 233
661 -739
-700 -227
68 -81
-511 882
-983 806
843 123
513 596
-714 496
-457 336
-780 482
471 -745
919 -271
238 59
991 961
-75 111
910 -306
92 -370
760 363
769 -202
520 955
-70 952
-784 -309
-202 501
102 -409
986 934
514 992
-186 116
397 -906
-539 -943
79 495
304 -316
432 -73
-659 -858
-168 361
498 -740
-855 649
42 -459
487 41
944 -74
-667 -282
-967 702
220 -403
746 873
514 425
-104 408
567 440
-79 -961
704 304
-788 -690
-871 949
482 -62
-908 -384
-968 -983
327 -68
-960 -509
-949 -51
-462 69
392 -493
728 -493
623 818
142 1000
725 730
-915 172
786 301
300 38
-171 -974
811 669
-194 67
-772 -757
250 -548
-415 -609
-283 453
933 152
-778 481
596 58
877 456
293 -870
315 117
-850 -690
-650 -685
308 636
-726 530
649 637
904 255
-790 69
-953 298
-182 766
-504 363
-643 518
252 632
-363 878
-180 530
903 927
-764 110
-685 419
964 -590
-952 -551
416 904
452 -972
-326 -480
499 -325
-918 409
181 661
808 -479
796 593
-251 62
-898 403
-609 605
-572 998
-840 119
608 943
997 797
-417 -825
110 844
-549 486
656 824
299 -283
928 -283
-917 85
185 -826
553 361
365 -424
921 647
674 583
-279 218
967 -611
925 -730
68 -846
-585 228
-101 782
844 920
-342 565
-518 -933
-916 442
111 -370
-411 -700
85 -770
-231 901
150 -338
-960 159
735 463
783 -102
455 -525
-247 736
459 484
-739 -643
753 206
478 -874
-899 825
225 -564
-848 384
-875 -777
897 -832
-845 -149
328 -762
-109 -77
577 -321
-867 -874
872 342
-117 -200
320 -389
-557 793
97 769
-915 1
-528 917
-310 536
-373 -472
-66 -953
213 -141
390 -680
150 687
726 146
-576 -457
-669 905
-54 268
367 -881
-969 -555
-403 291
-468 -203
-270 -398
479 -396
764 439
75 983
-991 -766
-947 -643
430 502
953 188
-574 -233
266 -955
-365 -631
725 267
486 -788
671 971
-420 592
242 -585
-742 149
-974 256
-213 -194
-670 638
184 943
-351 311
510 115
-217 -554
138 354
-711 -723
105 -686
505 289
99 -241
662 629
263 159
126 378
136 -489
287 -121
-976 194
-481 -940
782 497
-802 136
808 -827
-562 493
-345 59
-62 -55
527 439
-496 -49
504 -522
27 -258
187 465
-567 -110
741 -881
238 808
403 -878
-894 -666
314 27
134 715
-89 -234
269 -656
348 377
103 -769
83 812
-808 632
120 -110
-156 924
-898 178
539 -101
-61 -113
277 -97
-282 -765
731 -860
942 560
-742 758
-665 -515
-339 485
-996 -971
599 -732
362 5
-215 -722
463 -107
-915 -423
351 899
-935 -738
497 -509
-601 -72
-11 -452
365 242
-19 16
28 975
-732 -276
-233 71
100 632
-921 89
-305 -495
-398 581
19 -679
484 162
-846 582
418 430
5 -824
181 -762
918 437
101 -78
153 415
-103 492
57 344
156 -381
-262 -840
-262 -648
-681 -916
-653 -484
154 373
556 -20
-175 -501
506 -193
335 147
916 -232
-175 -906
719 -770
-719 -337
89 89
-635 896
-324 -376
692 -448
-959 253
539 -383
427 -596
310 97
-824 568
-455 -448
443 743
-319 663
-770 -702
-579 325
-650 -781
364 -837
-449 997
838 302
-658 272
694 455
-978 353
311 -119
-941 97
546 -907
-73 -9
441 -139
-674 -375
476 556
627 168
41 -459
93 717
-474 7
818 405
-715 450
305 -156
-310 323
-900 -676
-592 488
767 -529
931 -252
997 214
535 -549
349 439
278 -361
-724 184
904 710
541 -910
547 416
-10 699
-61 -407
277 518
926 -846
-774 930
-275 -276
-276 714
-716 154
808 -61
-122 659
256 -566
-915 897
129 287
-67 -465
-23 -14
982 -384
947 -20
-662 803
-784 -432
-857 707
671 -24
-585 -210
867 803
-467 429
-595 -26
567 275
4 -888
140 -363
223 902
15 -871
496 994
601 865
707 -283
513 -256
699 570
-720 -810
50 -922
586 187
-595 439
153 111
989 -748
-400 -74
9 585
-822 -855
225 265
352 433
-36 991
-766 -189
286 -324
-275 -68
-513 -920
176 -508
-45 818
648 -314
690 -446
685 -153
-296 -252
-657 195
-738 498
712 -782
-713 -784
755 -466
413 -324
60 -952
276 167
319 -629
-522 -83
-654 769
-708 688
-973 -519
432 -558
882 -995
403 -958
932 -671
-263 -823
233 -248
894 -183
172 331
-114 -842
308 -545
-114 696
-138 -517
-724 171
-81 812
-283 -609
288 -205
-577 -426
25 962
-487 -465
688 835
698 -763
59 270
-136 -439
-415 641
446 -864
793 -748
-842 -144
-470 -780
-784 971
984 949
654 -663
931 16
-392 -320
-124 426
-724 262
-249 -339
-556 739
551 380
-774 481
364 -728
372 216
-756 697
394 -187
783 905
-14 282
172 -992
787 477
-515 565
904 413
38 804
-498 959
-284 252
-574 873
