6609
-740 -478
578 -546
850 613
-521 -247
451 821
750 -457
-550 -990
672 295
-38 576
-755 -570
-574 -981
403 -63
290 777
-172 -448
-187 977
-941 354
114 -820
-405 -66
794 35
-101 899
-999 741
-760 763
144 682
-568 335
-695 -235
729 -469
339 -309
576 824
-570 638
-218 -571
-696 67
-222 -805
694 -122
559 780
-739 -107
-692 -151
-466 -561
370 11
-701 -633
-558 329
-702 676
710 895
998 -878
-709 -51
-424 -980
-596 337
-499 -406
-327 660
-763 155
780 912
-962 -176
-622 932
-568 -480
-484 568
-581 932
-189 -557
-319 -61
847 602
-674 528
468 -910
-208 264
-331 -817
369 734
876 281
-21 -527
-415 501
728 -852
-516 -628
-812 -650
-308 -948
535 343
4 -532
800 635
-932 -93
302 -979
147 -749
-752 -75
-197 -333
-820 -24
860 -2
804 -568
-209 219
-151 -933
-949 -315
729 -153
-935 691
53 -443
92 633
951 -779
526 619
744 -522
-402 -698
440 324
959 -631
-647 162
-550 277
-506 817
983 883
894 271
8 882
546 547
-158 -689
803 222
-444 623
907 -594
493 935
-595 88
-331 343
-826 -965
-208 -980
961 986
549 409
560 140
-875 531
66 -972
672 495
993 -691
994 92
-406 -958
-736 -233
-569 585
-475 81
280 -86
380 -371
-73 484
661 831
-340 -318
-35 -457
-280 757
297 490
134 -859
455 -719
-221 813
300 629
753 -317
172 666
192 -929
365 328
2 -957
455 -466
-683 171
718 -972
734 729
619 -587
577 -693
218 -416
838 430
-51 560
658 -11
-242 -641
-144 -198
377 -889
-292 736
-396 -869
-927 435
-497 -473
-3 315
-647 727
-418 -561
-580 32
261 190
280 157
306 510
292 -49
-280 828
-320 -207
-432 -745
130 226
839 977
-406 -463
379 230
175 14
749 666
819 -389
78 166
620 -213
-977 -435
-467 -980
-135 560
915 515
98 1
-929 -414
53 622
336 -172
522 -485
-103 345
-455 241
-961 -843
-607 517
36 891
913 347
811 745
641 -287
396 -741
581 849
-632 -411
719 949
-554 45
560 834
-729 619
-409 762
-427 -773
-317 584
-595 286
-205 257
830 -313
-896 -612
-367 677
-231 -921
764 929
-682 -394
-984 -30
-503 299
-248 -576
65 -486
524 -822
-107 -651
-426 732
724 479
-381 -512
603 -270
-401 329
695 632
-167 835
664 899
-722 588
-64 -453
534 -723
-194 -330
-394 961
753 972
556 516
-427 0
-514 293
575 833
594 -60
606 -281
-514 -425
-264 607
-673 367
618 31
606 -533
728 -670
300 -651
585 -810
333 -632
642 -513
-194 -321
285 -143
-469 146
-178 581
31 -512
-269 71
-994 544
-346 239
648 527
693 -444
-736 901
696 847
702 -372
25 104
359 -335
444 800
197 -135
-885 246
-422 -143
-934 743
-8 -96
388 -501
139 -94
-333 -187
-861 979
924 265
-780 -122
-512 85
-794 622
-266 709
-147 674
-317 683
264 435
-692 582
575 -329
-834 481
-617 614
-747 851
-121 433
564 684
-695 -468
18 -774
216 -443
942 -163
-722 683
576 -31
-206 -992
625 -632
-987 80
-975 569
161 -592
-616 905
294 -474
332 880
-771 -678
-59 -584
-866 -529
-50 -896
308 -455
-983 -743
929 -339
-986 -390
815 554
549 65
-316 591
462 912
-431 -119
576 202
109 108
725 -745
981 -490
842 -779
-829 -580
715 426
407 94
149 -925
-989 -694
-358 -932
436 -250
-190 156
808 307
-404 299
924 954
784 19
927 581
956 596
-27 -356
104 488
-561 -667
3 -454
569 -206
6 -845
89 4
37 741
728 646
-271 61
-354 -845
270 -688
-810 604
685 769
844 574
309 -195
688 -105
204 -419
394 -706
123 808
637 558
-979 560
-169 -258
-892 -352
671 804
-15 -325
-72 22
-426 756
559 33
168 -934
352 225
343 -31
412 272
9 -825
-397 823
258 -765
44 -553
322 -896
456 171
47 -71
-290 -681
1 -867
-478 -970
626 -44
547 -342
525 -895
-124 311
965 218
-443 848
649 93
-778 233
721 922
-188 -743
-258 -210
27 -485
343 280
-418 -669
-579 -934
690 37
805 277
-913 402
600 41
-858 334
159 -560
-659 217
-91 -652
588 690
111 851
965 -857
76 560
625 -168
206 443
327 974
932 -238
-309 -458
597 -429
176 -375
445 559
479 -386
-554 333
721 410
72 90
289 -653
-900 -906
-699 -178
-54 -664
-648 304
592 -783
631 220
441 -873
-93 883
-807 973
426 19
127 -629
724 -910
-11 75
-73 -164
-856 -269
173 649
-275 -58
253 -732
779 -847
479 782
-153 -628
813 76
306 -790
933 603
-744 -112
618 86
-371 -392
880 788
39 937
-804 -483
363 323
-104 489
-218 -64
-886 629
-952 -567
-86 -464
-912 -504
-222 -574
-521 201
401 219
-129 172
568 -948
-213 -499
-880 293
161 -344
-77 -745
-758 122
309 946
-177 359
34 212
-150 -647
631 -455
9 -280
637 -959
-416 -172
879 972
-801 -340
503 404
-719 -919
-263 190
989 996
307 403
463 -510
753 -167
-702 662
847 -38
-743 533
745 -482
-439 -612
-598 493
789 -505
294 983
567 -371
592 -963
-786 -231
-681 -737
129 17
-572 750
-471 767
-712 -282
121 217
-206 -597
-107 822
-454 210
397 -93
-628 -185
-767 -843
223 15
-982 -13
526 -147
747 860
-720 791
-136 -278
841 510
923 -819
-213 -737
857 105
-357 946
689 -139
568 498
19 -828
-777 597
-47 -404
-319 -34
677 -990
-193 -733
409 157
-352 -899
-598 134
13 -544
-25 85
551 -227
522 -267
558 -719
907 758
251 407
736 472
-19 981
950 -78
-806 204
114 -817
-642 -517
506 -711
66 -995
31 -640
197 -909
642 -886
-724 722
513 -199
-260 -1
395 510
-979 751
47 272
283 -919
-413 -770
-485 -773
695 743
-298 694
-976 -122
533 -348
9 -529
855 194
-72 939
-156 -818
-835 354
651 471
565 -981
676 -43
432 142
235 -62
767 736
94 772
293 -699
-252 478
217 862
-243 44
984 612
432 -841
-174 167
-596 137
286 -554
-869 -295
-796 -740
891 -49
-545 994
426 -568
440 201
45 -318
-868 -712
-589 433
214 -240
-649 -706
-407 -829
-949 629
538 548
-825 389
-215 707
-987 114
-395 -974
-469 -143
-292 -265
337 -507
-662 -203
-59 -430
-255 721
-855 733
-393 -618
-424 -264
-806 -641
684 682
-774 662
-768 -356
-827 328
-938 729
301 851
68 -189
-130 -310
263 -22
-325 102
368 567
894 -459
-608 277
-265 535
-292 -241
-864 -866
488 -514
422 -151
-677 -788
764 279
-796 -880
-745 730
-688 -451
562 91
218 640
-331 -420
-518 868
-785 -531
-458 -982
-736 524
-406 322
-717 -727
933 174
-22 -269
-322 335
-361 955
836 -672
-29 860
-184 975
-445 -117
-905 -183
234 -513
494 -733
-220 335
-619 67
445 -611
132 -415
-503 -896
965 -933
-980 329
-26 -3
589 936
478 136
554 646
-252 -477
-233 -575
757 -749
455 631
418 100
-902 264
-790 -580
643 -743
235 -524
-613 887
-722 222
918 -516
582 808
481 -680
-835 698
553 -856
216 37
552 288
-136 -603
745 385
-419 -779
-926 338
251 84
-711 -85
706 -738
-180 180
-71 -576
-228 -32
977 713
354 710
643 -864
388 343
-451 -462
925 262
14 490
187 84
-489 492
-84 -110
740 -504
557 -53
908 834
32 466
-528 141
-222 -503
-453 -334
-945 -239
673 -25
178 772
312 935
21 711
-35 410
735 346
-831 -660
517 -407
-200 288
327 948
-19 -922
-808 667
-977 873
-34 143
-701 -781
984 -18
-201 -651
398 -28
-200 -940
316 -66
-579 -240
48 -360
-302 450
-156 -405
-117 296
-774 395
424 -469
863 511
-971 370
141 215
-612 -527
-504 677
-818 839
597 707
-311 472
488 878
850 360
-399 352
320 216
2 -995
30 -547
313 400
-340 -38
-115 747
-941 752
-800 -870
717 -9
-335 -606
570 -406
-945 260
-667 641
-610 157
-518 399
-576 -491
-297 -928
769 -231
-479 468
608 -861
981 932
-753 -902
-292 237
-197 976
171 783
-687 -463
-16 -409
330 -797
-10 -783
-521 179
-927 -633
165 -947
-110 -275
414 -394
-706 28
-952 -669
-849 715
676 -940
557 461
88 -185
-804 814
-898 -599
-439 5
900 280
883 552
608 -728
878 -54
-171 405
506 -240
449 -738
-461 635
802 326
-869 -827
836 -251
498 771
-542 -61
-353 147
-493 885
229 -486
-897 459
683 -865
-661 -495
988 -975
-490 -328
804 -739
316 -380
679 913
336 462
-303 744
-671 255
50 -451
793 -712
-36 -851
244 215
198 691
-483 529
522 -844
-40 -821
129 -967
-942 -88
-264 576
-700 -53
-201 -734
-439 -653
545 -270
-258 -165
68 45
-570 293
525 -286
209 -652
34 21
287 540
714 778
591 -880
568 442
-194 208
790 -338
106 -640
-196 710
585 -641
-857 113
203 -644
-726 579
-519 -635
-414 282
885 740
428 846
-903 504
-94 -763
-157 -774
-994 148
-151 855
-939 923
-746 176
-77 752
932 483
-337 665
-482 -656
606 -578
-294 597
-41 710
56 -799
-346 663
-701 65
122 -730
297 1
845 -141
320 684
893 -908
479 486
488 -326
-504 121
548 -873
-175 -212
743 -111
-703 797
-48 452
927 -368
-639 -544
239 316
-976 798
-501 -51
-504 -207
-625 421
666 -599
-693 85
-263 543
-511 101
470 -708
751 638
-556 -272
-263 -428
-927 -13
66 -463
-332 -218
405 869
113 354
-815 -884
-189 716
562 -719
761 -472
-80 -420
-654 761
-738 -171
-461 225
-127 824
434 -991
214 -123
-788 28
820 429
898 -853
857 -460
66 -993
-627 -775
-468 -926
976 966
75 -704
723 -144
105 -83
463 670
-51 -18
948 -156
868 -619
562 -97
157 327
-744 -421
-683 -807
-771 -152
470 -485
616 -896
252 480
996 -599
221 862
607 -956
-962 408
797 -640
994 -870
-779 253
740 989
566 372
216 -266
800 -348
-93 27
-990 -124
-882 -367
352 -183
-750 25
343 879
657 -387
-823 -299
904 -527
616 -113
-892 -509
465 -2
-976 -647
464 188
-983 -553
-390 575
-810 275
-117 -2
-44 206
-1 -777
282 -67
-269 994
472 195
6 340
494 513
-833 -358
527 655
512 -368
40 424
107 215
-615 53
795 726
831 915
206 393
-479 262
119 -730
307 190
140 -333
778 765
-137 827
858 746
358 -131
741 255
107 -443
800 -988
391 322
564 134
-689 -302
-53 803
-968 -177
-83 -710
-686 -539
955 457
667 645
-401 401
496 -438
301 497
748 -303
-396 -152
-570 276
-317 409
-239 -770
-265 -166
901 880
-942 423
798 -100
946 529
-12 653
793 705
-287 486
-573 844
720 -445
527 -940
53 -861
-85 -683
421 230
-893 -76
-959 -850
-253 -669
-990 438
240 151
-856 917
939 -39
-257 246
248 447
642 -204
-141 338
194 846
882 -109
-113 -635
505 958
200 -929
-327 -159
-296 588
479 -992
-12 915
723 688
-490 271
86 -50
-163 329
947 -212
689 96
241 -28
-898 92
-395 -633
-111 -590
-519 -350
382 -282
867 238
-735 -780
-292 919
-418 -720
894 -671
-556 -584
825 765
-373 20
-15 -606
595 976
225 -75
432 -892
-52 -547
-815 515
801 234
892 711
326 -981
-375 517
179 -294
897 632
688 -933
-371 603
773 -611
216 108
504 -295
-897 -213
279 -199
-845 -300
100 963
-349 540
438 -634
-65 416
105 -261
-614 -415
952 794
5 -866
-246 226
-749 -628
-741 -143
-255 -926
-371 -838
744 373
-713 -316
319 -160
-23 -457
443 -89
276 -406
-400 -60
734 728
-161 -445
-87 447
-961 -544
801 -178
-295 293
374 425
55 -215
906 -4
-931 -460
-696 459
-429 -356
-606 -58
-434 -426
-310 61
-807 546
-971 903
-640 219
665 848
-833 359
426 157
-89 456
565 -589
808 336
241 -586
-605 -158
609 958
101 -706
453 -639
-266 -706
452 148
-118 -598
-82 -304
773 -906
-960 -99
-401 250
203 -92
-195 -455
-611 -353
804 -712
-397 -325
892 -338
-895 185
527 -996
-751 570
-76 650
-998 473
-577 144
334 -162
820 863
582 -861
880 -34
97 324
-137 -52
-409 -533
72 -182
-757 378
828 692
-587 -320
-89 -16
846 328
600 -775
481 131
120 54
-327 764
-155 544
-645 -865
511 571
-397 -174
-676 186
217 826
724 -399
855 -130
37 -770
289 298
447 -230
462 -615
-163 823
244 853
955 -228
202 672
456 314
292 541
-144 -459
933 617
-393 -28
-21 -610
983 -874
-722 281
555 -876
868 264
-419 441
740 -717
-79 -372
536 -936
-604 351
235 452
-177 -897
913 -121
-434 -471
-915 -866
-752 17
-9 77
373 -468
-626 -927
415 810
-350 -236
731 -198
-45 -972
-399 -409
-146 899
642 -149
45 -976
-446 382
190 -625
334 73
-402 99
-220 314
-948 248
-614 -436
30 330
-466 597
669 -798
47 -59
-240 604
-107 369
122 803
-433 -556
-854 -300
193 -187
-942 -559
-630 -33
447 226
-998 -901
-162 200
-899 647
-685 -847
-427 64
769 417
-227 183
171 149
505 -622
-863 -592
-48 -95
131 261
609 33
194 363
-422 100
-214 -68
958 -471
-419 -408
543 -692
-638 -858
844 949
-940 240
267 -934
-495 -24
-313 775
-510 -1
-22 -625
-193 213
-531 -788
832 -22
-927 150
334 -957
79 -656
-626 870
-672 -7
621 -973
447 167
-474 -328
34 -245
534 -637
79 -772
953 581
249 -519
-20 303
503 -738
468 858
705 -387
568 69
-572 648
155 756
955 -352
-868 259
523 -451
150 -523
-415 -975
569 323
-184 -269
-785 378
-804 -348
-304 -523
-665 876
213 87
623 178
-971 -272
-23 -676
-602 -219
-729 -296
470 -175
194 -291
-171 -376
676 677
-770 638
613 171
476 644
821 349
142 -360
462 -418
959 392
-961 -521
723 -816
873 -520
-673 -701
192 342
-936 -725
376 -899
501 -511
-359 -894
-20 440
543 -143
188 -853
503 -388
-962 -439
-947 517
51 684
-386 -580
-836 515
-777 -763
-294 991
915 -986
195 -588
-888 -79
776 258
68 -441
-215 690
-175 844
297 637
-678 -543
461 -38
-455 573
-768 979
-152 -566
-580 2
890 641
814 747
-53 665
-919 -637
-534 397
828 -94
-176 -652
-241 -857
566 -804
-219 -487
618 -913
-78 -815
-405 -723
479 809
-275 -405
-285 -873
-309 643
962 402
-910 -966
-864 564
731 163
973 836
-971 653
838 -507
-135 -366
-781 447
-581 -951
-790 61
722 687
649 234
401 719
-381 324
-507 -901
688 -360
510 928
908 418
253 -287
275 -553
-975 -300
252 500
801 895
711 75
621 211
453 87
-731 -631
328 940
77 3
-138 -24
-181 -218
748 -518
581 73
428 97
-469 762
-467 -170
136 -798
85 -8
872 -942
-714 417
-597 -472
836 -497
-112 129
592 38
-268 -857
450 546
116 927
-926 -29
-163 -570
-71 49
149 749
-637 781
-717 401
-123 391
-748 974
-735 710
938 211
-117 -846
-729 -10
-637 493
992 -297
371 563
211 210
87 348
716 -193
-795 326
1000 375
388 618
-727 -939
677 -935
-315 533
99 -86
161 -23
442 -953
842 179
319 804
-21 852
930 -106
321 67
-635 16
-633 -495
846 761
126 956
-197 689
701 195
-666 -881
-708 -268
846 -110
-934 475
-981 399
774 316
-661 -35
-355 800
-139 -905
-303 -539
-665 -565
257 -79
65 -306
-961 591
78 -77
692 -472
554 318
49 632
-925 383
973 367
-736 -765
10 -69
881 -960
-460 -56
-857 -743
-672 768
-478 519
-267 -810
-359 261
962 -295
-12 668
318 1000
967 635
-101 719
762 -417
-211 -774
-494 -313
-258 -633
391 709
440 -633
737 -897
-563 890
-133 -949
-174 -283
312 -137
-684 -746
386 857
830 287
-266 796
-318 432
-857 -224
713 -394
176 -922
187 -386
303 639
816 320
700 621
-136 -974
-953 -158
-473 -419
-888 947
-366 585
615 -506
869 58
54 920
-306 -415
-719 -27
828 865
-651 -288
718 -559
-979 -760
-209 -392
788 -326
-113 -895
-259 -477
-752 672
145 852
-105 155
-340 -491
85 250
120 -655
393 -278
-479 458
-333 -289
-286 -623
123 186
5 -863
-1000 -529
-145 58
880 994
866 -328
-859 765
-168 885
576 -761
-749 911
-930 -347
371 -374
176 942
-120 -507
124 -655
-815 -840
-128 430
-741 -928
-14 434
556 -3
-262 -489
-83 653
840 701
849 567
-980 310
559 669
-943 413
888 -433
-49 878
-441 911
155 -676
571 76
-481 20
-144 -1000
959 480
-795 703
-556 63
-636 26
-426 -428
-551 849
-450 796
940 284
-760 -123
258 1000
-320 623
457 -777
572 150
409 675
216 130
-868 366
918 879
-248 296
686 -456
994 -125
-456 85
-771 715
702 -603
-652 -520
594 -556
-351 686
-971 -362
290 662
-263 939
-221 -338
-412 -945
-909 -348
507 80
436 -272
576 947
720 -859
-477 75
23 -114
-494 -178
-166 -45
-4 901
-418 532
-195 -85
-132 -323
69 502
-276 -463
-860 -972
153 -882
512 876
-160 454
853 551
799 -612
59 -729
590 -341
-50 67
198 -214
32 173
760 834
-151 -354
105 -745
130 -23
-159 -205
-318 -424
449 -989
-691 981
714 -364
63 443
58 35
829 225
243 -568
-202 30
-496 1000
825 -575
702 731
-810 -64
226 78
949 -521
520 -485
209 -434
408 335
-976 -934
-394 -853
-276 -811
86 308
-791 -992
429 -903
-377 -449
757 -236
801 -762
154 -252
57 128
655 795
-988 927
-382 864
-230 424
-100 332
824 462
-985 599
600 -939
-728 -255
-6 -201
-234 -346
139 461
7 -602
-224 423
-997 -160
-477 107
-213 -650
-142 -265
-168 953
41 -249
-461 -850
797 -321
-612 -441
-257 562
-319 -375
-423 354
347 -351
-9 512
998 282
551 787
710 504
-929 760
-305 -314
-161 -300
728 -617
-396 851
925 229
393 666
-595 -865
156 -455
-768 86
230 157
-573 680
32 196
-800 -776
-262 -910
-38 304
613 -881
-88 504
-206 526
154 -553
-251 -369
789 -759
125 874
90 -17
65 129
861 988
-871 -516
-191 586
-164 933
-866 853
333 -738
862 583
590 -324
246 -57
-731 231
-681 45
-956 -676
676 -368
-736 -492
811 225
630 -553
940 -28
-758 107
-313 -908
566 -774
107 -625
576 921
452 -995
281 -315
578 -169
388 -718
-544 521
-902 -700
341 863
-414 -156
-712 -990
-858 912
65 -191
-688 -248
747 330
-730 578
815 997
-471 702
-944 -125
396 832
-978 -246
-849 -146
-686 -489
-542 -91
106 -177
277 157
439 -971
-1 -499
-897 381
13 64
677 -84
754 784
-533 479
-978 918
-905 487
118 590
814 -27
230 92
-973 697
681 -296
818 706
967 -464
812 -11
-821 -629
917 215
982 -904
-221 954
-335 -266
977 376
57 283
-547 831
317 -694
459 -784
-681 376
-74 336
650 219
158 -40
-757 898
967 -474
-514 302
-25 879
629 661
-909 -26
64 464
-834 874
243 818
6 246
-677 -366
-178 -962
-735 -487
407 282
269 837
-975 -526
40 -57
-379 -958
8 -563
365 365
-217 -618
941 562
-226 -361
-959 -483
945 555
502 -238
749 392
-247 569
518 -735
-740 -763
850 587
855 325
89 -715
25 -358
68 -255
619 -198
-436 320
293 -741
-980 -546
-758 -965
132 -271
721 -474
39 45
-966 -805
522 -82
-932 899
-801 746
-722 -532
612 -90
-300 608
146 -838
-291 -878
268 -224
-513 866
-924 -151
459 -749
824 381
997 -441
-186 -25
154 -829
-562 -867
742 -63
736 132
356 610
-838 849
163 456
456 -853
-587 -422
204 -545
571 447
164 -462
-69 -604
534 607
287 -561
-502 -211
229 -250
-283 374
648 423
-815 105
-705 220
-52 -991
-196 177
-337 -990
248 -695
-43 988
411 543
-105 846
-741 -914
258 499
118 -845
933 -493
-365 620
-198 507
-633 916
383 -670
759 108
262 -272
119 -228
-367 -260
-32 897
269 630
840 -607
-633 810
-858 760
-673 -2
882 -956
-389 -86
-116 145
454 470
654 414
633 231
186 163
175 441
915 537
-517 565
857 649
-538 234
669 495
-893 -786
433 -194
605 -779
653 430
-914 -522
-331 -398
-325 266
-372 -247
785 -901
611 -800
-728 146
838 888
-628 69
-470 -420
113 743
419 940
-474 -983
-354 390
935 451
-930 447
892 121
-351 -342
-536 -255
870 -510
517 879
183 -491
-713 -581
-222 274
-649 921
-881 -630
-114 -421
-803 977
-872 -190
-479 -79
-980 -904
-212 -387
-977 -644
958 178
-203 -632
509 -528
865 860
785 -88
-988 427
-541 -89
-479 -426
530 505
-232 -505
231 -930
-255 362
514 -719
-757 -251
-64 214
-22 145
-997 -796
-129 -508
-339 713
547 -930
-90 -27
-434 -212
447 -327
-74 849
868 -388
-682 -180
-956 -451
-328 784
807 -597
699 533
-723 -841
353 322
-728 707
-7 -535
-635 138
181 195
-501 964
895 -653
155 -964
-349 -227
17 308
-364 -32
-648 -343
-776 -444
-1000 -641
302 -641
599 5
-14 394
531 431
294 -921
677 -45
146 -974
-974 -359
460 890
273 388
943 309
792 287
-706 -394
481 89
-105 827
-878 380
976 -992
39 -683
-57 762
951 383
-700 -112
126 208
177 -171
411 -41
408 329
-464 -532
273 -613
-491 -582
-477 -531
656 666
310 -562
-711 -18
552 664
-948 745
501 950
224 -839
674 -515
481 -682
541 -955
-438 -192
-168 -756
445 511
-596 -756
-232 48
838 -466
860 -857
-514 -903
748 870
-590 -568
707 -29
507 511
-92 254
-671 -424
644 818
-193 -279
-912 -308
-887 -28
-643 347
849 78
470 954
488 -659
0 -854
519 -719
906 508
-440 -439
971 -112
-295 756
346 658
-445 -939
-447 -895
-16 764
154 890
-963 166
-769 -730
268 -390
-228 -970
-695 754
-779 -380
920 213
180 -795
-971 865
-48 -924
-350 973
-958 553
-932 -871
991 748
-489 -965
-239 -858
-480 848
542 732
977 -970
-25 247
-123 -565
-953 642
-347 -340
-649 -841
221 973
214 114
-995 -459
519 957
656 505
-302 -934
-268 874
-581 -975
-289 825
796 -867
-861 516
122 -372
97 347
629 -187
94 859
-53 528
606 -162
-713 311
-192 -699
-771 461
-622 -127
112 736
876 817
-559 172
6 -425
-756 845
200 384
918 199
-98 -99
-943 -76
46 20
-521 138
505 -508
938 -438
-367 844
-978 -969
941 -868
915 -740
-421 -848
806 82
538 292
871 529
549 -689
150 -687
-648 311
-456 -302
424 466
-6 436
-551 227
836 167
18 292
-232 569
46 259
564 589
81 -792
-468 651
743 309
-356 -912
523 -167
146 57
-530 623
419 -176
-630 -336
633 -692
10 -168
-216 245
387 842
-458 -498
142 374
382 -27
906 -25
632 614
-750 -171
586 622
-177 -655
425 509
701 -882
526 555
945 670
839 324
-574 705
-102 391
-377 -422
527 -432
-193 555
624 -804
434 926
-125 103
-439 882
678 -972
354 -839
266 535
-834 -768
448 368
195 -959
-321 -322
-993 498
-844 39
-291 713
629 538
849 825
156 670
865 -599
396 605
311 844
-697 9
-515 -445
604 -303
-770 269
612 133
-845 -216
-446 409
-959 221
992 507
-732 561
580 353
278 197
-656 715
779 358
598 64
596 -367
901 641
578 348
994 -61
-738 572
690 833
-614 -730
864 593
332 -265
574 728
348 -659
368 705
58 473
-457 -400
-850 317
55 318
145 156
-275 391
-697 517
230 870
-775 -97
988 704
-671 -914
768 -780
333 654
330 -533
-342 -737
-863 -106
-487 570
-681 -476
-453 487
-665 -814
500 588
-961 794
191 -485
-119 -221
496 -384
773 -987
553 638
-236 317
271 -425
645 636
-256 757
-276 308
-601 187
-87 220
146 322
-763 97
148 -102
924 225
847 -78
-132 180
-10 -402
-627 -94
-59 -144
286 -699
-422 488
-264 259
-310 694
163 -366
568 23
514 904
954 -416
-596 -869
-114 12
860 501
-973 -130
871 -230
-342 81
-133 -557
-817 -166
-907 967
872 -127
-102 950
731 877
-642 113
-936 -741
-992 -577
156 693
806 -650
402 437
461 996
-701 111
-715 -616
276 -906
-336 935
-87 575
-88 -774
-536 -131
418 -83
203 157
-784 -978
-173 -331
887 -942
911 -204
-740 -102
-208 -636
670 -612
356 -448
-156 750
422 626
-753 -620
838 -297
295 49
-944 350
66 433
-613 -771
378 -886
-921 -241
846 -778
-977 673
-151 -531
-478 698
-192 -39
-887 -289
-23 -876
601 956
194 -53
278 -595
-440 -681
529 387
510 255
613 694
929 941
-286 855
-11 -246
-547 639
-694 -87
-281 -449
-509 595
744 402
-35 36
483 -756
-634 546
-967 593
575 863
-434 388
-41 -567
-172 -216
-485 314
-217 -665
-723 699
-431 -435
494 -795
870 210
-362 600
-594 313
-139 -280
254 -508
-477 -992
699 517
-933 487
4 -458
-665 909
947 574
312 377
-833 -341
-954 182
-441 -351
-584 -716
-572 540
95 808
-652 823
182 -600
319 -407
644 -479
361 810
974 -86
-216 99
381 801
-168 768
523 -831
-39 -405
901 926
-479 -228
306 -130
973 680
-423 595
-742 947
-552 120
265 -574
902 776
824 -702
443 -854
366 -427
435 -765
-748 -767
902 -640
996 40
258 350
227 -411
-335 225
-254 818
739 704
271 186
146 -962
-352 -427
-138 292
931 346
234 -726
-147 293
436 392
172 -120
-996 -851
987 747
-209 567
-125 517
-327 -20
188 -277
178 823
883 948
384 823
-164 -243
-538 -301
881 486
-110 339
-186 -733
259 -410
645 -214
717 73
-886 -466
500 974
-147 370
124 -825
99 541
-806 203
-50 9
996 420
-94 800
319 -187
786 399
323 866
128 464
-932 765
-447 -214
-672 753
981 -257
677 -389
-852 -317
252 144
-469 -556
-274 -181
967 832
284 654
-230 -768
585 -1
697 165
-285 -863
-566 899
-188 800
862 953
166 -133
-827 720
879 204
-114 552
-828 652
710 -685
-259 -491
-89 304
-457 252
-338 206
246 -810
-651 669
624 651
696 514
-157 464
701 -307
-603 168
254 870
-424 931
240 464
730 903
952 -584
-484 -161
234 -487
617 673
981 786
-741 622
-973 301
155 -723
484 -273
930 469
-177 -769
-541 -19
-830 -359
405 666
623 -997
128 177
-646 773
-577 472
365 845
314 896
-737 172
-889 -846
822 422
823 -599
652 -985
-489 -285
511 437
-43 741
-693 -628
-181 -642
-191 -354
-948 662
-494 933
-160 495
-259 -565
486 -337
836 -563
885 204
-74 548
478 -559
-996 -369
-831 955
671 488
-523 -90
292 -216
-28 310
-276 -108
876 554
105 -835
57 -656
246 548
-631 -163
694 988
-614 912
-907 789
-521 -981
538 958
345 770
221 4
-112 -519
-482 244
699 -646
-393 -500
864 723
-189 -532
257 -365
-722 494
-51 675
-549 844
-773 184
239 -244
85 -337
-483 721
589 336
248 -574
-668 347
741 406
-280 -974
-694 -84
-197 -432
416 -825
-864 -143
920 90
-353 -244
-792 141
-609 -638
-71 -76
-620 -870
-552 -340
13 -265
-615 -742
153 589
364 -57
-76 403
-44 416
-895 27
-317 -546
-941 -952
14 -677
-154 593
694 312
382 313
-540 -238
-972 -126
-667 -65
-809 810
-527 378
-122 -957
682 -560
-948 409
-660 -714
630 363
418 562
-631 -655
552 939
-37 305
-951 -268
-766 -464
-431 -664
795 989
319 -8
494 -986
-579 464
-257 -736
718 -377
919 -205
-804 608
260 -621
-95 780
815 578
700 265
-283 514
218 135
-575 -113
246 722
-661 29
990 396
-883 -492
846 -931
849 285
113 821
418 -386
-579 -824
-211 -63
3 530
466 -110
92 -63
572 -355
-117 951
-813 -558
-452 93
947 -352
835 -20
5 -845
711 207
-914 -795
-336 390
852 -252
707 201
-309 -539
-904 321
184 79
-954 -637
100 -949
-751 913
-770 707
-79 -440
657 307
-189 150
11 690
745 -342
435 302
-874 -996
-237 535
2 -332
137 -115
981 -786
936 336
695 775
-222 -543
-317 -2
286 -65
-139 -82
-13 128
276 832
819 -375
-267 -482
80 652
29 504
473 -869
893 158
-126 716
186 845
-61 -355
762 -684
322 14
851 568
-480 194
452 -129
721 -476
-632 846
-425 239
5 610
87 774
-639 661
659 758
945 -165
-788 174
629 -986
-785 -155
-475 -775
408 567
-998 204
-711 -753
-573 763
-256 -499
521 -771
-343 -199
690 -378
-835 297
-153 343
191 -814
799 -114
601 -322
-964 -772
-831 -701
-524 -568
313 513
180 -15
216 500
-784 -181
-390 111
358 523
936 -39
615 660
-493 641
385 -796
-378 -488
-180 -782
28 26
768 978
649 93
-62 -335
-361 -753
-773 798
-586 109
-404 -158
102 -928
148 -231
-110 10
952 -810
-586 -287
509 -117
-163 -151
-897 381
-617 -723
662 -307
495 -565
-828 50
-140 -698
-174 96
-110 -876
981 349
18 123
-423 395
-890 -493
192 819
-931 649
985 214
687 92
335 37
-764 -106
-686 366
541 677
448 -884
24 -971
375 792
464 78
111 742
-235 -146
237 242
-873 281
166 15
24 -638
-235 -620
571 351
599 -185
655 634
-781 283
-294 345
860 -268
-490 227
377 -72
620 -834
707 -690
-151 303
-412 151
586 357
-904 -298
921 20
945 -126
320 895
-461 -501
-405 361
872 -301
206 885
370 284
-419 -901
481 385
921 -596
-87 -358
-629 -933
425 -36
227 99
-51 -721
29 -466
978 -350
175 651
545 -229
957 -210
-81 243
621 -697
-745 -886
907 -817
891 -83
-113 -328
-443 -768
-172 194
-493 280
-89 904
-45 -68
-231 911
-598 263
-35 644
990 -215
-910 100
-443 3
526 104
-389 -188
276 -696
626 -615
447 -394
-77 793
578 -295
279 120
80 154
-261 -871
-840 -609
21 723
-173 -489
515 237
-669 -690
-151 819
-607 587
65 170
-882 -222
-713 864
117 -571
982 -189
368 54
605 -4
-257 -629
-565 706
-609 197
-610 702
32 322
576 -147
-646 726
-959 114
943 -671
-801 194
478 -32
-387 -910
-812 683
-166 -747
-496 -169
-904 -594
-701 -849
-906 193
773 -277
-448 -793
-484 866
240 -685
-361 938
79 236
-236 -768
206 -228
-77 -512
263 629
417 -116
916 -972
86 -935
-41 -136
694 373
-283 -323
-30 39
683 238
834 -587
-770 -294
173 992
41 -750
-224 -102
533 91
-679 -910
954 534
280 579
888 465
-682 -418
-455 -312
-971 -875
-471 358
991 -664
75 228
-871 377
-838 998
560 -435
837 759
-305 -296
-428 -55
-365 -755
662 353
-582 -952
150 950
-775 -84
-153 -263
-855 215
-103 321
-606 -444
-731 -532
963 -287
850 -656
815 -431
160 294
-994 -456
488 -412
-293 797
-618 225
-203 -359
-407 770
-962 -739
981 101
372 696
-172 -445
739 838
520 408
-260 313
-37 -915
-710 189
490 405
-972 -912
78 218
641 578
896 894
-892 469
-472 882
850 -790
-457 748
-729 631
827 506
333 597
814 -395
-748 896
886 -867
903 -487
-518 661
575 559
-41 653
-861 -713
-576 978
-243 104
-35 143
-772 -255
-497 788
-38 815
-513 -661
652 -296
783 -157
980 -882
-93 969
-100 -299
-447 -679
33 -380
724 359
406 755
-924 -557
395 177
-215 -48
757 165
947 -246
144 -192
7 978
-850 349
-678 696
-787 -967
408 -946
887 -37
146 69
-191 -862
47 -60
677 844
-866 446
-272 -64
466 150
638 -386
-284 -116
235 432
-815 -608
-907 -922
85 908
10 923
-687 -578
621 131
147 -364
26 83
367 -889
-694 -548
437 -709
819 -977
-275 324
-29 -651
920 -694
682 -744
215 545
203 -372
-288 623
-661 -851
-445 996
-263 449
-792 -370
474 -313
-432 688
-261 -822
173 731
704 -180
-627 259
740 -650
280 -698
134 776
753 -592
-474 -515
24 170
627 -993
650 333
941 -729
645 980
-877 113
376 995
196 525
275 232
-23 875
288 -306
889 -777
-551 -565
-983 -496
-15 234
-424 -368
-104 -311
-894 -568
105 29
340 439
-504 -947
86 733
-928 -135
-223 -570
283 545
634 880
-299 -157
847 469
308 785
-236 -17
322 91
154 329
350 646
-245 -334
256 201
-805 -311
389 970
-273 -385
-566 -294
57 514
824 163
985 -206
735 452
-998 997
161 -435
846 -977
-414 -992
580 -658
350 621
-397 -156
-456 -502
637 388
-912 504
27 810
-478 377
783 9
-871 487
67 411
180 -146
178 868
164 911
379 439
-952 498
-116 303
-595 468
-435 -219
-50 -748
-622 -125
563 -440
464 31
-137 799
797 180
-18 7
684 816
-462 785
-389 420
531 104
480 -190
922 -882
-531 780
952 -738
529 125
-628 709
-519 -672
-712 -497
476 891
-672 1000
-218 938
-667 -679
-205 -972
-968 -887
-117 981
413 663
-324 150
-783 917
-21 851
-665 268
937 -583
-332 48
295 -699
-1 -486
-959 -314
-316 164
875 753
788 936
-933 -863
-62 177
40 -910
296 483
879 -642
-294 -107
27 839
321 323
400 373
-26 -824
85 -419
15 -140
-973 -259
11 -483
-44 939
-604 452
783 850
146 298
381 336
-320 993
562 -217
356 -146
-19 732
-632 -127
-97 249
904 -611
275 880
-899 524
-22 417
579 -577
5 -891
-122 -23
423 -849
358 -970
-496 -635
507 -240
527 -946
467 137
666 -306
336 924
473 166
545 -394
543 -788
462 87
377 294
-900 734
593 -391
-206 517
773 -50
-441 539
618 -659
471 -579
605 312
-479 -277
-899 535
679 -797
727 419
-250 128
-388 -237
817 -467
992 -46
563 517
657 858
-159 209
740 638
-509 73
899 -19
457 331
94 -340
703 992
-607 582
-609 250
258 -203
29 -258
-507 -758
-20 -871
291 563
482 456
-547 322
428 -652
-973 631
18 -662
846 -377
-219 -712
-863 -205
-814 475
25 187
-949 -901
-489 -862
332 148
204 -112
425 537
-963 -291
-727 -124
79 783
-517 -704
140 -67
491 -232
-485 -332
-869 -311
22 998
153 981
-607 915
-862 485
275 218
629 -726
78 537
88 275
-692 -373
-97 200
389 -995
882 -99
-695 -741
-324 -327
-444 47
-990 50
534 50
-336 401
-18 615
263 298
355 410
740 -914
-311 458
-471 -834
996 947
-175 -360
-356 -346
521 892
0 -610
260 -413
-990 716
416 -724
-78 814
662 639
-982 -695
-654 -309
-756 890
-889 258
651 -810
236 -121
-41 -606
146 839
-269 -911
365 -723
-391 158
155 571
-773 857
504 960
992 -74
124 -996
771 558
196 608
-254 101
305 969
411 -247
-959 -534
461 -365
-630 602
-132 903
-674 186
-247 102
-447 980
-972 -730
-970 -968
-600 118
472 -922
266 -284
-989 -803
-514 105
788 856
-811 696
-797 943
-945 -675
-817 805
-393 -902
269 -940
320 -927
459 -189
-933 -45
-143 -784
-51 519
91 -582
739 414
787 -186
-746 -760
874 -82
160 -553
431 100
860 -453
201 767
406 684
156 -56
300 -436
-72 33
74 -231
-320 -338
-332 480
817 -271
112 103
966 -791
-722 -246
-665 216
-429 -195
158 -519
-848 651
-394 -968
-437 -923
454 779
-537 -219
1000 33
375 -1
249 231
-552 -360
650 -834
-725 -411
-620 155
-805 -26
-119 -779
906 -414
847 -121
716 -919
336 822
-409 -77
369 -408
998 -902
995 -59
961 459
-265 -46
-482 -577
317 -20
-695 -81
800 560
-659 33
99 25
-614 364
40 803
140 -991
693 945
969 -810
-527 533
-406 764
-737 -568
101 -16
-870 -488
717 565
-112 372
781 -858
663 433
15 -212
-509 921
465 -613
-93 -482
-495 -430
57 -373
344 -231
-574 -853
-327 603
-46 -618
-702 232
688 391
947 963
208 -505
-172 589
565 870
349 700
-835 -898
-521 -236
-399 -40
906 -19
-414 616
763 391
-854 185
-687 347
-65 -488
-152 -22
-917 -259
-887 55
-673 375
-115 202
721 -362
-152 -936
829 -505
-195 -498
630 218
388 196
244 263
-884 -808
222 -486
84 -821
291 850
-179 451
-649 -697
-175 -231
-210 -643
-761 718
844 -389
-141 441
-719 -273
-986 -153
81 -768
139 536
-513 868
6 -736
-986 732
-553 -619
-754 685
320 538
-752 -116
791 -582
732 -866
481 -145
272 565
230 -912
-840 -82
274 -581
594 -658
-694 -980
-386 -144
681 312
351 -739
721 -530
754 -138
-747 201
923 310
-814 -292
72 -214
-967 -309
50 465
518 239
138 729
-23 405
-703 -635
146 660
-355 135
358 -755
-339 -404
-102 360
-553 286
699 829
507 398
301 482
270 -446
-956 554
603 -454
601 -338
-587 -728
-185 -813
157 -620
742 860
916 -98
795 770
-316 449
21 -653
-571 7
-234 118
200 -256
-496 941
-460 -481
656 484
-396 902
-348 770
561 300
143 -420
27 670
-584 921
103 -273
-583 -723
-769 -505
690 705
-496 107
-69 -199
-202 -943
221 321
-267 985
402 -739
-853 -245
-74 -702
657 -179
-307 -551
-835 752
608 431
-774 -459
366 618
-694 -380
676 884
511 344
-270 681
498 -56
50 678
-527 367
128 -645
926 423
-976 65
335 268
-714 -261
252 879
-157 372
-37 -619
-759 391
-596 -747
638 -196
-515 -167
928 -546
883 -384
901 751
-98 -284
208 458
-955 948
969 -125
20 992
-39 768
-459 -910
843 20
-258 790
-783 -338
810 539
-809 -351
822 -411
-460 875
-494 10
448 960
920 79
963 263
-282 -585
409 -257
-686 631
-464 -621
-821 -300
549 -473
-258 -890
752 418
-830 937
994 -935
67 -995
-294 91
-204 -633
804 -683
761 -285
244 584
-583 -721
-951 380
-260 -735
268 -887
-853 -598
371 -911
-588 488
371 -139
170 -7
-559 -461
-852 101
-299 846
-728 -721
-442 -822
-826 -977
274 789
-413 899
721 -137
322 -666
845 -163
-513 -187
852 982
275 550
948 -709
-438 -784
968 -345
63 -854
-269 218
180 83
623 179
-120 -403
179 327
-361 431
7 501
-191 416
-296 -16
413 658
126 18
-383 2
885 442
-381 -329
-877 -530
-857 465
388 89
738 -520
50 -50
-574 718
-86 -253
-797 -805
-633 502
824 597
708 -255
522 -671
-389 833
-550 581
539 -187
299 544
-510 -261
917 716
-469 317
828 994
-323 -402
-911 -307
269 987
-807 -215
-663 -82
-920 -687
-616 -270
-520 17
481 66
891 880
-584 -298
-430 -379
-617 419
-472 -526
604 625
493 564
111 -376
-777 673
445 481
-744 -374
84 251
597 907
107 201
393 -859
-649 -712
50 725
377 662
-496 651
-321 -746
526 153
-312 -900
-713 -866
20 568
449 18
551 32
-156 -419
651 116
-335 474
913 -756
168 336
-405 397
-723 328
-735 -690
301 -861
587 799
-766 197
152 895
-625 1
-915 -367
907 600
-755 -121
-169 960
-9 -925
383 -93
-987 89
500 865
623 527
241 -316
932 -926
-873 322
-508 37
76 473
-5 329
799 247
-698 -510
-152 947
893 -421
733 703
559 836
682 -875
570 802
919 90
42 -452
28 -131
-101 -937
547 -885
314 -286
910 186
133 -908
154 -201
-488 -424
-189 -848
-745 -362
-480 261
978 685
171 518
33 -959
-725 -346
-129 -494
389 -235
-728 -308
-624 -898
-849 -265
367 675
138 -847
-185 141
940 -193
-804 -448
647 -231
539 -238
-743 -479
131 447
820 -753
639 666
909 -122
166 441
630 663
870 -789
-356 -775
-615 185
-642 726
-176 345
-455 -97
889 -563
0 166
408 811
-812 466
-132 -745
-88 -222
579 -437
959 -1
251 309
641 407
-286 -766
-91 220
964 39
-906 -119
952 230
947 -276
655 -452
-260 -480
971 -58
-356 767
641 -248
626 391
530 -398
250 -759
418 408
590 888
524 959
372 390
36 800
-317 373
-401 31
-701 -376
760 -814
-391 997
743 863
517 -155
-915 885
577 -203
-106 491
-347 78
166 -532
-104 829
-405 348
309 -584
-569 984
913 -3
-663 -755
127 481
230 16
594 732
537 213
135 -716
-353 -860
335 -964
-712 262
-57 -570
-205 -460
-924 -651
412 -998
-515 -74
18 -814
-665 -586
883 -666
-604 405
408 -247
-87 -52
152 214
728 272
-295 -432
-405 -812
-167 1
558 732
924 279
-847 914
-181 -337
744 387
212 -790
576 -452
-700 -167
-147 542
-394 -645
620 524
-554 -102
-988 -623
536 861
770 -643
-483 -18
-57 -815
949 673
640 -269
702 -157
-242 -79
-307 -796
-21 161
400 -410
-691 643
922 948
-849 661
259 -41
-674 -905
435 -248
-424 -426
-89 953
-842 260
625 941
-798 264
-28 -940
-423 560
483 -381
-685 -995
892 631
-575 30
-247 -986
963 -539
-580 -619
267 -414
-763 -240
656 -47
228 -466
-642 -122
-701 945
-177 592
-870 476
736 671
-858 632
917 -365
-989 820
-707 789
-232 -937
995 -950
-256 238
153 627
-533 -464
7 -65
-279 183
-370 274
-371 945
-119 -766
166 873
-475 -806
509 -868
-704 -913
-350 795
587 713
-597 266
-213 -937
183 151
-141 -488
-28 -344
-248 -228
-811 937
189 -640
-139 546
-265 746
752 -307
-609 798
196 -148
-364 -795
-204 -712
712 634
-775 242
484 19
596 -464
-441 198
-945 553
-405 -317
-583 268
-993 -47
-299 124
-878 661
286 7
651 -921
943 -791
324 -892
-242 -291
-327 162
-487 -866
449 -912
624 965
729 -790
-607 -25
-347 169
-803 -131
898 602
-520 29
-518 -767
-996 -258
-628 175
-266 665
277 -736
753 -768
-881 878
-313 -703
24 199
836 -42
-544 -188
765 -228
898 459
135 719
262 -68
-770 -887
52 380
677 438
528 -788
-403 -427
-178 104
596 566
-854 -883
-458 -846
-492 858
604 120
719 -698
196 -747
49 -457
-989 775
-636 430
178 149
-825 823
-517 221
375 617
-412 -894
-877 -198
-501 826
-274 118
23 248
-920 901
-877 -726
-525 -728
740 -477
-789 -893
718 435
106 244
-161 -794
-865 957
857 -46
221 827
-897 -982
-535 670
150 718
590 484
-848 171
721 -91
-690 760
927 561
903 722
733 286
-401 644
465 955
211 469
-673 810
2 589
-437 618
-456 -61
-915 695
-217 157
-160 -111
-112 -94
210 -889
138 -145
-729 -456
-643 348
136 302
-579 836
-734 -739
-645 335
776 -177
780 600
-824 224
-640 116
211 904
11 833
-865 702
-665 -67
-75 -811
635 549
-132 -188
864 -109
-107 -314
3 -795
-28 -23
-578 599
303 902
868 865
282 -77
-49 -566
152 288
-703 668
-740 483
-44 174
515 -381
-441 -497
838 990
-206 190
-366 -855
374 -42
998 -704
216 702
-891 715
876 -631
-23 637
-268 204
861 -725
-155 129
882 513
-134 447
-318 545
176 272
-691 183
909 932
-359 970
191 -450
698 -194
530 -112
-159 -554
-834 258
376 238
-865 341
-75 -986
-415 492
-205 -856
963 945
-839 -978
-71 -825
553 -501
-399 -491
-640 -794
-222 -770
357 -26
-90 163
614 -433
75 -781
-788 -467
677 440
-756 702
882 -413
416 896
-434 -390
971 392
183 -582
-642 397
589 -429
-666 -538
-792 714
-589 -155
209 -481
-879 888
-614 -483
-918 -216
-611 -318
834 -282
-381 -40
673 -986
-895 328
-630 828
317 48
789 721
158 -106
21 816
247 -662
126 -165
104 -829
764 -700
818 851
-75 -607
838 670
346 532
-570 -318
-998 574
190 406
257 143
-951 -234
-785 -98
-439 -368
-535 145
961 914
-478 -338
-278 614
-216 -736
374 249
-616 -321
-947 -577
-106 600
-643 -206
-399 -157
-557 552
481 -451
-329 -247
287 -369
-363 517
315 194
19 -291
-177 937
-417 -137
-770 111
-44 171
-569 974
275 -759
-806 -234
276 -261
226 -263
-198 -512
-617 -738
-538 -811
-850 -197
579 -502
-23 -302
-791 484
-349 814
786 249
971 -103
833 -962
-156 -861
-982 881
798 157
595 498
63 456
283 -150
215 242
274 -487
-924 -37
987 -918
-620 198
-223 -761
-371 -831
-745 -337
-23 582
176 -188
-437 327
-859 -406
-101 661
201 177
327 251
78 -556
-437 -260
284 804
-337 -166
84 -978
60 -969
909 966
-546 -70
297 161
747 544
-286 -662
-926 -67
776 -885
-592 -532
-835 195
-137 -1
214 667
714 -131
551 -614
-286 807
967 451
658 654
225 433
-610 -184
701 -355
-536 -447
-174 -799
328 -927
477 -467
188 654
-150 -807
920 376
-720 -31
-51 577
-990 647
506 -965
-267 -884
-633 -920
310 951
94 -376
-803 -294
452 946
-745 360
615 -369
85 -340
-926 -404
-883 113
465 813
712 -783
-584 -186
557 -429
-542 962
653 -464
71 -520
216 694
-57 -864
-321 -999
895 -169
560 999
527 -342
20 848
-806 -673
-727 -995
225 -768
114 -842
511 -955
-983 -265
-9 -566
-831 859
28 804
876 -748
295 -699
-510 500
406 -506
300 -833
-767 864
404 275
734 -930
-723 -246
-145 -389
-481 664
-71 294
-223 -970
-886 601
-524 74
506 868
321 -493
155 787
-105 -542
-344 998
-825 934
-591 -25
-159 -989
9 972
16 -780
-828 168
67 101
324 -970
839 -956
174 501
-168 -316
-450 -227
-94 -429
-722 -948
388 913
-563 -797
30 -465
887 -10
-598 655
-777 412
-337 -328
-506 -966
810 -645
-847 -736
703 -384
-52 -781
-642 221
-494 -723
251 -588
-955 -103
-546 97
238 842
-859 431
570 874
-395 736
292 -923
-231 -768
825 -851
54 796
941 -102
-429 87
862 -556
-431 -96
666 -732
-273 -500
854 -91
432 875
-666 854
991 192
299 -221
470 776
418 1000
86 197
-637 -53
661 -219
-228 251
-389 -76
430 528
-643 -162
776 -63
-745 164
568 842
641 967
680 365
37 -827
441 -854
733 -619
-239 -67
-231 637
281 -279
715 -432
-733 604
-618 -823
-317 868
419 114
-912 488
12 794
205 -582
609 708
-436 -454
-939 -530
-898 -342
702 830
198 -358
-492 -184
-684 -109
280 -549
-855 -255
751 -471
57 290
-607 187
596 868
-678 508
-18 -105
-593 -688
-46 -696
324 801
585 -747
-174 790
-536 -472
-64 -167
-135 415
649 -235
-260 -665
68 460
-295 45
-229 -250
-233 -99
650 -696
-467 -172
-810 -704
-89 -55
368 649
516 -618
621 -138
-6 995
357 604
-6 881
-939 -541
-656 -71
126 754
-519 -650
293 -409
-501 730
176 224
556 -720
-490 364
383 -26
443 -393
-866 10
-240 -194
720 -90
39 -939
318 49
-447 393
719 124
-827 427
-496 -797
148 322
-532 -823
201 -245
204 205
355 -512
559 -150
618 496
-545 412
669 -185
435 653
882 -220
-477 -155
795 -876
-324 142
-475 -368
366 -796
149 437
-258 -832
682 -605
379 -307
-274 339
-103 620
-655 -882
322 55
247 -553
323 88
-188 -907
564 -543
473 346
689 -12
277 612
-198 -691
-375 -115
-664 39
-947 431
923 108
303 244
-673 -104
982 964
-653 -968
-449 -847
-247 15
-50 -937
-835 499
183 -299
407 -289
554 -776
588 994
839 386
953 768
-121 -769
-604 -722
-659 -79
-695 942
-301 752
-772 -519
619 -422
3 -388
-51 -642
213 729
-705 -345
115 982
-233 -825
633 162
-630 714
-543 363
-874 -600
362 -385
-326 -72
403 608
514 -650
-198 -497
753 798
915 -819
-407 215
918 -399
290 798
15 -724
31 705
-255 616
718 -496
-253 -453
7 553
329 597
-959 242
-377 534
535 -736
-209 584
-517 -670
-439 275
776 -410
552 -498
778 70
-128 -796
-781 -717
167 -798
311 -752
863 -818
-499 458
396 -666
-405 726
673 -549
-338 -634
996 -499
828 -832
-623 -152
294 507
577 -837
-162 -287
44 587
550 -332
759 -987
253 -600
687 114
-928 786
-989 178
-4 -159
-253 728
331 45
343 264
670 878
519 569
-274 -410
429 -355
3 -233
-820 -485
-403 -235
848 383
472 -825
-803 -953
120 -543
246 -568
-736 610
274 -238
-233 -324
737 -87
97 -781
-100 -609
-17 843
816 -3
519 325
93 109
247 730
50 458
-664 -902
746 -150
125 -465
-978 137
-24 278
-583 -511
640 -901
-513 -573
714 -952
397 -396
-149 -499
304 257
-198 -651
170 425
231 330
792 -534
35 -932
-314 -556
-685 -75
780 -208
-993 344
9 261
-838 187
-880 414
-909 -813
-590 76
-120 958
-926 -733
-836 -368
-293 837
645 -537
-162 -124
-830 -497
-505 533
-527 830
-539 888
-106 -169
-677 254
326 946
503 -521
-647 778
-580 -435
-910 -874
26 -558
-464 408
890 -256
-850 -880
-876 277
-550 -444
858 792
-376 -778
-903 623
-170 301
-360 522
-904 901
-809 868
843 -747
182 588
-519 537
820 228
-534 363
-112 -427
553 -711
-478 273
-433 751
-873 -689
619 -510
811 627
-271 -252
111 48
476 860
-628 426
-533 -756
414 -307
-616 268
411 -284
-697 401
-406 865
42 -400
-190 870
124 -828
326 395
-49 -290
-800 46
166 -325
383 -530
684 -672
932 913
-143 -775
-297 -864
431 985
-635 538
307 183
-278 927
197 -311
427 -44
-151 28
860 891
678 -967
-802 -675
553 -702
-669 383
333 -604
348 513
589 823
75 -10
-42 -9
203 537
-692 507
-334 -115
486 776
413 53
864 -25
-53 547
-456 980
75 -476
-884 481
129 -840
454 -611
766 -597
-798 636
157 -993
-57 -987
-756 -134
871 993
-203 8
344 100
62 -116
-849 -591
-261 -958
751 973
-198 -834
233 -776
695 457
-65 55
946 76
-466 -407
-958 35
-130 -317
233 -408
-342 -721
-162 -844
675 522
371 949
502 -505
208 -279
756 -895
-885 828
-342 994
829 -670
-553 544
-687 -57
-495 -565
-606 385
-762 -387
-660 -30
52 744
433 800
436 593
898 -545
-249 258
-715 153
854 366
859 -791
-191 -752
898 -387
899 353
-952 344
-718 -970
538 793
-647 -147
279 141
-253 -993
374 650
7 429
993 -509
-342 77
654 337
375 -271
213 512
-752 -476
336 525
-972 959
-508 2
-999 -362
-17 -353
511 624
-227 -499
237 317
880 477
-234 -331
250 197
568 507
842 864
-511 -552
868 573
798 -920
-521 -536
-591 15
994 791
-279 -571
-701 502
-203 -799
76 -773
974 -337
-693 51
783 -729
100 890
-438 254
-747 368
-526 -202
314 436
-959 -6
-379 604
833 452
745 -390
-930 -303
-781 -68
433 -112
-303 -537
-279 -721
920 -416
-336 -916
854 159
-997 -463
-717 -225
467 219
-994 429
-955 743
287 -282
-263 -210
-938 255
-271 -23
-952 164
244 -237
639 524
-349 -527
-335 -460
-589 -662
751 532
507 -85
140 48
-202 832
-165 812
-212 -250
-126 -957
-392 60
947 -267
-787 451
147 -140
365 956
284 217
-75 222
830 994
187 -44
640 -317
262 -89
550 204
815 11
328 -849
721 841
976 -857
-75 804
708 250
940 356
-230 478
-862 -489
-156 568
-432 -765
376 712
428 -458
821 947
-931 -82
-177 -15
325 -961
-953 720
985 -261
758 199
-977 -625
-545 -606
248 998
977 351
831 915
-133 -956
539 -462
666 415
-611 -372
859 34
255 -871
617 324
-667 743
-447 -460
83 -239
-415 -832
-154 405
-803 410
552 641
465 151
-183 -853
762 -123
478 -901
951 948
-225 -590
-20 -630
795 684
-141 -97
-404 400
121 105
-763 -819
404 -675
-991 -292
718 -145
717 -508
-69 -220
-187 598
469 949
-516 410
-782 204
-639 740
-251 -658
946 -41
420 85
-872 -895
468 -636
-446 -493
55 -292
839 167
747 -678
560 545
-180 188
515 -646
231 -144
315 -337
308 -666
-134 -633
-735 -965
-223 897
-251 222
484 -178
612 744
203 -305
915 440
242 -441
-745 -693
773 716
-116 -796
-463 -306
-216 192
-50 -14
62 721
-548 571
-444 286
-743 85
755 -695
375 -112
-587 -649
991 555
-415 -709
-874 -619
236 -50
819 66
117 -724
-577 -403
-649 487
335 -626
-609 -299
966 -567
19 218
325 -515
668 -798
652 -236
661 406
-541 200
552 263
-500 786
167 -74
-13 -503
-605 -44
264 273
576 -403
266 -267
634 -746
552 -61
610 375
-845 425
-951 134
-853 -553
-992 179
941 -729
914 -421
82 -136
503 -708
218 -311
-640 -737
-962 -538
237 20
-477 -236
-743 -747
888 187
-514 -242
47 1
-169 -521
-383 19
-245 51
-579 -220
255 695
203 910
363 -796
-799 -847
-299 665
605 483
-480 303
552 -676
-790 939
194 -23
-635 -133
465 100
-768 -215
-438 583
-807 -792
862 289
-691 829
957 -861
245 -582
975 591
315 312
406 -672
417 372
-782 179
107 713
-391 -77
-822 98
-247 -170
-333 830
-576 -95
-935 354
250 923
-339 -78
-240 814
-91 -546
-421 -45
413 963
555 543
-437 536
699 164
-306 694
403 291
925 111
-717 -702
-839 -733
-496 -89
463 -234
906 -447
9 128
55 415
-93 463
-49 358
324 846
919 562
306 -377
-297 428
804 197
830 -345
239 327
127 129
497 -111
-310 835
-137 -754
622 903
313 181
-108 -1000
-226 -702
572 -29
2 -736
-338 230
171 36
243 199
208 197
-859 809
770 -221
266 -892
-987 -773
-579 196
-230 -425
-637 741
774 -451
822 230
-723 -495
24 224
-616 159
-678 -503
-374 573
-767 300
-776 128
-396 100
873 726
-745 -905
-876 455
-470 -100
700 817
643 755
-667 -652
959 -59
90 -425
-641 759
-438 857
64 -915
-775 578
-765 79
-591 -101
-480 -686
545 -297
-70 -300
-240 847
-201 393
-800 419
-953 -85
590 -468
-7 289
996 -468
-591 295
-819 777
314 271
-202 99
17 -235
809 727
-700 92
201 -863
228 543
630 -359
-61 -544
-379 35
672 -730
467 -512
384 -41
-902 -462
-821 -382
-509 285
-715 888
-797 728
-894 172
-121 982
-870 -38
410 -739
-977 -438
626 -641
-685 -538
-323 -322
771 -693
-981 81
82 921
-160 -688
-562 -28
360 -859
-800 -899
573 135
-33 -694
-263 -239
-18 855
243 849
-920 390
26 767
800 -598
-534 -761
-358 591
6 -405
258 296
-230 -368
111 902
347 -372
940 -597
437 -275
-91 -71
224 776
693 -231
-715 -385
-448 -550
280 -828
226 -779
-198 134
11 289
-138 349
-655 -2
-577 794
-557 -347
-300 -495
-518 507
853 -714
737 71
324 -13
175 -835
245 -403
244 309
-441 -672
-902 416
-59 -922
-986 256
369 473
-763 -108
-588 -424
574 -447
-263 446
501 47
203 -480
1 -875
22 -639
-686 784
964 852
627 -914
526 770
-573 -728
174 66
-516 -332
631 507
-791 34
93 946
-302 999
324 -954
765 128
-705 316
356 -373
-852 -806
-137 -235
-775 -843
446 187
-274 237
146 883
-734 -293
758 684
-383 -147
201 -664
409 855
496 -499
-29 -835
53 369
-988 934
689 725
-278 347
-33 470
548 -143
-715 -104
631 -285
-956 392
397 192
261 183
-70 -560
724 -227
431 -190
953 -896
-805 -91
-956 -345
-995 -820
172 529
473 800
-97 -932
-859 -435
-317 981
617 616
-417 -690
602 -874
964 -530
-17 -587
953 -467
531 -98
476 -564
434 835
-611 332
-607 356
-100 -375
-581 -944
-386 -959
613 315
-712 -613
-676 -578
-58 -659
103 -146
-287 -942
-160 560
152 -383
450 -145
420 998
370 -412
479 -124
406 958
-319 -368
-159 -683
-300 -442
318 -697
-355 -875
1000 731
-995 178
-352 -402
-665 -408
-964 -614
-163 869
-106 -635
-244 -366
754 375
797 -813
-412 -885
433 339
-988 -594
90 917
612 -604
619 46
-894 -743
138 -768
-316 472
-741 -208
-295 500
-146 -366
-237 -95
4 795
-316 -170
-367 -943
918 868
716 -834
968 -592
-655 -664
-961 -511
560 -605
720 91
211 -633
-939 508
-238 -229
65 -605
491 -549
-619 -979
-410 -225
-192 -215
-482 -739
-729 -465
-548 -713
-849 -112
70 946
-339 266
68 637
621 776
939 889
159 431
-586 -185
570 -139
807 -36
873 -574
216 -156
210 -561
598 -676
910 20
445 -453
903 -923
929 -315
-380 80
-140 -435
222 -590
744 -411
-203 459
729 -588
-387 647
-389 737
-82 805
-205 367
735 390
-942 374
-396 670
-719 105
-406 270
551 918
15 -443
-419 714
-703 790
-95 269
-474 -261
255 236
-272 831
-770 95
-543 878
233 -315
68 660
151 -188
230 562
-590 -628
730 450
337 -331
234 796
92 -395
-258 520
-24 -922
96 982
683 587
677 431
-782 -910
443 -226
-938 571
16 831
-149 -808
779 -231
-356 458
987 -413
-467 -23
144 842
-57 557
405 928
-418 532
-797 -350
-910 -301
13 354
651 -56
-963 -580
591 -451
992 -593
717 570
477 477
-354 850
533 -771
-294 802
-293 -610
-756 -285
238 -354
-19 -447
161 -915
327 566
929 332
319 -844
-668 950
983 791
-760 -469
590 -715
171 -283
724 -957
-363 978
704 595
-420 317
-56 161
491 870
577 -438
471 -256
-955 -715
902 247
-86 -646
649 -862
-981 612
-794 287
-942 -928
331 650
-200 783
733 -901
-790 -111
-143 -539
-847 -196
229 -443
608 -162
215 -779
525 -736
-57 -278
773 -952
825 -245
932 -50
-274 689
-504 -775
-771 989
-92 307
-197 872
-303 -142
-513 650
-83 966
-485 -153
317 -853
-484 -367
-906 376
846 965
-340 -511
198 -417
106 794
157 347
-926 239
376 -669
-67 123
-39 -305
987 -123
204 556
-807 -84
973 185
-784 -472
249 297
83 -439
-980 365
-414 -155
606 -697
-631 27
844 8
918 -877
119 -759
-661 512
176 353
-140 89
-236 -889
157 556
-763 115
-111 -583
-643 244
-846 518
921 -579
786 -794
-896 676
28 -385
877 803
-284 217
-170 -344
-461 -370
451 -49
-649 266
645 910
-928 860
543 -190
537 -740
959 819
-441 -238
827 957
199 -140
973 -348
-284 -153
-64 525
846 -527
155 764
-128 332
-187 -781
-257 -544
-808 265
20 203
-393 236
44 -874
918 -390
511 880
-46 -469
-498 -510
-865 498
-287 -886
-170 -662
-297 945
-88 -834
-77 384
681 -560
-490 -487
230 -991
-188 -913
-266 -532
912 306
69 -178
504 503
351 -622
-698 571
-914 -853
518 283
731 810
-769 70
-780 -26
-141 -90
772 187
-599 -370
694 -422
750 93
-275 -50
-698 527
-935 938
893 829
-977 179
-866 -731
-255 385
-576 310
525 -985
927 232
256 -694
-507 -149
724 848
938 -308
-533 124
-143 931
-1 -433
532 -176
650 -581
71 -893
-771 795
967 -889
-137 637
660 76
-563 609
135 979
506 -360
852 -310
-375 310
-356 198
818 -978
875 -747
-919 305
-69 -227
-940 494
-848 42
-143 637
809 522
81 -872
-476 776
215 189
-272 795
-756 836
-374 -981
-687 77
561 -984
-784 833
53 232
159 -262
-988 439
549 -222
-553 411
681 -858
-562 278
778 503
-337 770
786 -247
-660 -310
-793 864
-95 -523
-18 712
-429 67
362 453
35 -428
966 974
127 -246
271 -460
226 31
-686 819
598 -328
-882 96
-776 -767
-864 356
95 -874
557 114
-41 263
999 -209
527 522
-229 297
-182 -468
-9 -10
240 -443
169 654
-940 -269
-542 -25
-238 9
-405 -333
-607 -240
-801 -514
101 -37
925 -42
855 -115
-407 490
-525 472
403 -419
-62 313
-782 -473
74 -661
721 -709
947 -38
-843 548
-593 -384
310 928
918 491
-612 609
-178 808
231 562
-156 563
803 529
43 557
-561 512
989 953
-598 -866
-828 -192
-988 -393
60 -702
-130 -499
871 507
877 -994
120 325
627 691
-425 628
-583 -117
-979 634
278 443
-243 -577
-19 -289
925 681
-700 550
-354 -731
-814 -202
557 196
435 811
-505 185
-657 520
821 -229
-596 -717
-128 759
91 -130
796 165
781 33
951 -502
982 -307
-261 -597
365 -460
275 -917
-304 696
-159 759
-816 426
5 -330
-861 62
-343 -824
-360 418
865 881
-157 315
423 -845
471 -307
-732 873
-473 -44
-336 -713
758 -434
345 310
-425 -820
-381 854
-46 727
-367 980
521 911
852 695
382 -151
-882 -54
-304 492
862 -719
-20 27
-524 733
851 717
72 -399
308 -646
754 -867
867 736
487 -214
-630 -321
-588 197
-819 300
241 -62
-67 442
-98 721
369 -221
603 -260
-648 -74
-166 -106
-713 -701
-490 -524
490 -716
143 -694
727 -963
36 287
-121 321
925 329
947 -377
726 979
967 -405
-214 -524
-546 439
46 992
69 -901
307 -907
497 -212
-315 231
941 -205
-225 370
-769 -498
813 -846
62 102
-766 697
-839 -684
230 -493
-245 -138
-830 -424
-156 -634
-298 894
-514 -900
-194 -729
-466 -612
-947 893
651 -878
857 833
-781 959
-290 -320
693 703
146 219
-695 -889
786 -500
-832 399
538 285
748 572
-746 -200
623 498
-450 -160
-632 593
-698 -173
-334 -544
-749 -584
-831 194
-879 -186
-297 -468
-302 -497
-240 -966
-348 770
28 35
254 -207
742 -830
-847 -456
-6 291
-216 -591
247 -93
873 193
-494 877
922 538
-503 898
-341 -422
-799 193
-783 179
69 474
-321 -45
-18 -38
964 760
248 398
579 -827
475 -761
68 -564
-26 -877
698 -727
94 -86
-411 -472
-482 -415
348 -549
-395 -299
765 444
-201 -397
-267 292
-691 783
355 135
-685 -88
289 -726
881 -193
555 716
-968 -558
710 -894
356 -461
-402 -624
-270 341
845 250
486 521
913 934
728 -681
-186 -837
999 522
-547 -371
273 -21
36 806
-470 150
-276 713
-427 151
131 -232
-158 -755
-373 -233
-140 216
927 806
-892 397
323 623
-332 778
-487 463
-280 277
-637 -617
-754 701
532 30
-710 -168
-792 565
-564 -733
105 230
933 -554
958 353
-54 559
433 436
-965 315
210 -68
289 -996
-961 590
-308 339
946 -415
981 -21
-931 207
355 247
677 -678
144 -767
118 401
-113 -567
216 -243
-40 886
-963 -31
497 561
757 135
-352 931
-230 358
788 683
-959 -197
926 542
531 -403
-81 -930
724 672
-517 945
-903 -567
693 201
-944 36
-510 411
34 -470
-419 -344
341 896
-743 948
-292 -502
618 -863
754 -156
718 -24
-531 698
-322 -956
133 -151
339 -904
-157 681
611 -731
-303 637
-385 -48
187 -471
572 512
-542 186
960 -406
-997 739
-50 767
-506 760
-350 -179
628 654
-708 644
-886 252
110 -912
850 458
520 -813
283 -847
-856 -849
-949 896
413 313
101 -406
612 -50
720 250
-243 584
-30 -289
622 -328
-337 -917
682 -156
753 -605
-262 765
300 -830
593 804
209 -385
256 435
-279 -311
574 -370
448 355
876 622
797 -689
72 788
-995 -265
2 363
-929 80
-752 -11
873 -598
659 -362
-622 780
721 -376
789 183
510 -901
-922 570
-380 -684
959 453
-289 -87
564 416
-975 317
-526 -474
-150 -868
790 -661
95 406
698 -2
799 -92
-308 245
-191 670
-23 109
-487 21
226 651
-274 300
161 -363
858 677
728 -764
756 -885
596 -891
380 672
591 -524
-792 915
781 30
-209 205
974 586
-370 634
-995 268
567 800
285 218
-202 568
-527 833
-677 -54
339 782
655 -325
-835 -992
939 -595
733 -699
562 577
125 -276
-634 534
330 892
-523 941
-541 -411
528 -633
-501 113
883 256
747 -16
-695 789
905 -84
-971 -748
-97 748
133 771
-76 -501
157 -808
61 14
-542 52
-308 -39
169 832
-358 173
-360 -290
472 169
-489 691
218 -53
-403 -959
-854 -694
-939 -148
70 -951
922 -48
-178 273
44 862
987 411
288 -301
739 260
-328 -89
-760 -738
-947 868
72 580
231 142
826 439
867 119
87 -738
628 800
-689 -492
-555 146
-517 602
7 -61
-203 602
-302 -808
-644 -915
941 980
216 -569
-501 712
-226 -64
-289 183
670 -51
808 -82
-263 460
852 -725
486 -3
-662 -518
-180 -175
892 -797
730 -463
257 95
-555 625
409 -351
164 269
-448 673
843 918
-233 684
-671 305
343 5
-652 -20
-494 187
-137 203
264 908
566 807
751 -475
-169 -82
-39 28
879 -412
-310 534
446 329
329 -308
-897 -347
872 411
-118 -960
-400 -820
683 -280
-654 613
-584 227
-906 198
-197 -696
-501 -571
550 966
-403 -172
-510 -380
175 783
-918 557
785 965
938 404
546 -591
-542 -215
-3 -854
6 146
-238 262
140 412
-174 -325
-199 737
-507 -443
832 -907
612 -245
544 -666
-384 647
643 982
-203 678
-109 134
186 643
-572 278
-155 -91
-897 -68
940 420
343 -175
-79 -652
-404 851
0 -514
-417 546
865 -443
-119 -211
105 -566
-48 883
-528 272
864 948
-701 -869
909 310
853 -2
587 974
-47 227
472 -561
-596 308
653 -286
-210 567
-452 481
-502 283
421 -482
-386 -889
-880 -911
402 -727
-939 -286
-956 586
530 -382
484 -969
736 -754
399 142
-798 697
940 -921
561 -177
-920 -345
956 -55
-690 568
-842 776
-540 737
-284 353
157 -864
-918 -223
207 912
430 448
-728 556
-558 265
-863 86
-759 492
186 860
4 241
952 516
-615 748
159 -361
-181 -664
773 -789
293 -800
910 -13
-136 -253
127 713
866 428
-938 337
-701 -148
373 440
8 321
917 -775
-905 -611
-609 -328
-239 313
-628 445
-286 -419
-53 122
919 608
-387 -370
-760 511
-63 -555
-568 24
758 653
-530 -422
-810 -603
35 609
437 609
96 -56
793 634
842 710
480 808
40 -389
722 312
-166 757
-506 -269
756 -939
28 20
-550 -536
117 99
-474 -743
601 -236
30 176
-557 108
160 364
526 933
-3 340
-954 948
-849 -524
455 -361
528 -593
631 501
-219 -573
-54 9
-302 -699
-620 815
98 -252
449 -542
-68 723
930 301
-12 -870
275 972
998 514
-292 -777
-801 -660
-261 -89
-142 308
327 -219
605 -473
454 308
449 108
997 480
229 -236
-710 -691
66 211
-834 -143
-432 359
213 -575
-550 -951
306 -755
607 858
244 719
553 -104
772 -125
639 675
816 -222
-170 581
-397 544
-55 -915
-724 -300
372 -789
-452 653
-803 -329
-172 603
402 -836
47 730
306 311
-84 661
-520 -792
94 -265
698 57
684 -950
-684 -984
-548 448
594 928
-193 978
-802 -209
-709 -542
-435 -616
-484 -30
766 543
-475 880
954 37
392 -765
239 -44
-909 552
-713 -474
-902 667
397 -55
-879 879
-620 223
-558 -897
-240 26
44 421
-850 -514
-49 204
-567 -245
386 372
458 -50
172 544
-81 548
-62 -611
322 513
-317 328
639 981
407 -331
-876 347
-583 277
-279 748
-902 -846
-54 -122
534 -344
360 482
-588 -549
602 734
0 -956
293 -197
490 -150
528 -810
596 101
-506 -218
-37 907
24 1
-605 -59
-753 872
769 -390
-690 830
208 452
-330 70
-651 307
892 -70
233 878
-929 663
506 -253
313 -518
-984 -972
779 155
-175 132
934 359
260 246
-416 -110
263 -809
895 -838
-355 -617
-754 779
-650 984
-758 -790
868 -397
-896 809
96 -952
544 -509
-591 -244
-868 347
-519 -30
49 755
-353 -411
-963 -124
642 -510
-703 23
842 -37
0 921
393 980
-636 -388
-597 -806
247 779
-302 -370
563 -975
327 383
-450 436
-546 729
-450 493
-950 641
264 509
15 244
11 136
-456 -433
-736 754
266 857
97 583
642 649
728 -86
-8 -773
424 674
765 -905
471 829
261 513
-976 71
603 -907
-170 -187
333 21
712 -511
927 -654
583 584
-945 276
663 570
-866 -832
663 873
803 -41
-195 -254
173 765
-918 -137
386 307
510 806
329 399
199 -822
-733 128
783 -676
-701 -835
457 231
-236 -762
-798 -258
-39 932
383 -668
-387 719
923 -201
578 -775
-216 581
898 55
253 -407
713 -608
455 95
-183 -27
716 995
-161 -659
837 -238
-965 30
291 54
964 342
-647 402
-780 460
-957 68
-361 268
407 -148
-923 -122
-96 295
607 516
-82 -759
-676 -237
827 -147
-73 451
-729 951
-338 956
677 783
-448 916
993 -98
329 770
-220 -987
427 666
-342 958
630 -18
411 995
-825 -295
-246 -521
661 159
-306 688
-691 -622
-852 -948
-663 -741
-889 553
696 -733
676 -899
51 879
-77 -910
260 -339
261 -713
-690 303
441 -346
-963 -984
146 864
207 23
-468 -881
-508 829
374 -576
-15 71
-599 214
-416 950
817 915
792 -605
235 -565
488 838
559 626
-723 603
-631 643
486 921
-694 122
-254 -709
-540 -370
604 -408
-590 970
729 -329
-602 -981
635 -722
-781 273
-587 -578
-968 -448
-873 492
409 -795
-498 -973
669 -975
520 848
-61 298
-81 -716
-662 197
224 -827
48 -176
-277 686
283 261
108 906
159 671
-411 172
-99 -371
879 -258
-43 766
-766 -530
992 563
535 635
-153 45
41 -651
-103 -520
-219 627
-978 -949
-371 -705
295 749
182 403
-297 217
-119 355
114 184
-18 238
-410 -852
-429 -501
-409 -427
-155 317
-964 -694
-596 441
-202 -788
546 -487
-555 276
-321 -984
421 609
-464 -642
1 -911
381 859
-677 -185
-225 -237
464 197
662 29
-888 -150
-935 448
46 -70
-656 330
-724 869
890 995
-211 -358
745 -165
-51 -353
-631 -467
72 -267
30 -409
-13 -438
-751 -373
657 -378
864 -175
822 865
-507 955
-44 -12
880 -796
450 230
-134 -228
-891 735
376 262
-386 -485
-949 513
-328 268
-965 492
974 497
-96 148
-618 -688
908 885
-776 -457
-160 264
-301 753
994 -694
368 -941
-955 -927
-889 494
248 -9
-586 -369
-653 825
579 173
314 -717
-873 -454
-699 -316
-38 525
-703 -870
-176 -857
413 -612
-884 -4
-880 722
953 101
-408 -172
-49 -198
657 -381
318 -637
-694 147
-948 -386
272 74
632 -733
825 -126
211 -31
-531 -559
667 -848
508 386
-435 444
-365 -835
95 -195
659 -326
-219 600
503 -757
-901 -701
-678 -365
958 471
-615 -293
-32 16
-44 -943
317 931
385 755
751 -279
-200 201
-495 938
460 -584
209 -113
-47 257
424 3
105 -632
-50 377
-315 -747
888 580
