7911
292 -631
-903 -957
-536 786
-18 -804
-246 -569
-109 736
-440 449
-577 -514
122 222
-386 809
419 433
156 -506
-819 315
86 644
289 -734
-882 283
504 505
-157 -995
377 365
773 -327
-841 -933
884 175
-928 -994
446 638
579 -574
846 -726
135 -642
519 499
816 -323
640 746
-127 -892
-949 876
-649 278
-287 -473
-472 342
454 441
-689 -120
-340 955
-730 -616
-847 312
330 654
618 -691
530 -804
550 669
-227 -283
-935 -55
-595 -617
-547 -188
972 431
-428 58
507 -423
641 -437
548 -113
565 -93
-792 509
801 -688
253 141
-37 -1000
478 -773
-898 813
-782 69
9 -772
-350 -308
-961 984
600 281
-475 671
166 -539
-74 -450
-142 -165
125 454
-694 677
923 -597
-518 433
1000 -259
-523 -619
-480 -401
-315 -154
483 114
-603 480
-714 830
-291 370
-858 969
-646 296
442 -229
-513 -66
749 -643
-824 214
-856 -998
59 721
-863 794
816 -152
831 409
135 -39
154 256
446 -421
294 -562
-780 134
-671 394
-216 -398
-78 791
-878 605
536 423
229 -706
466 825
736 -274
-257 668
98 630
275 237
552 -155
-591 981
441 615
846 431
-970 783
227 97
-495 226
220 867
310 645
127 481
647 -375
-236 -335
248 476
-730 -294
-567 -2
-980 538
308 -108
-911 -232
-673 -586
85 512
-294 748
-243 465
-350 -827
-664 -592
-49 317
-744 531
967 -988
-101 735
-820 297
418 -910
-288 -798
279 151
-313 442
-191 -31
-520 190
443 144
756 -606
-392 400
509 -635
207 855
586 -563
-592 -192
45 -861
-321 -23
345 261
-206 202
880 -680
-352 -804
-352 -594
795 810
521 -46
-457 -715
-143 -922
104 -997
-381 778
377 997
315 90
145 129
-285 765
-169 -568
177 610
372 478
847 777
579 -113
-139 908
-6 12
261 586
-881 -485
863 268
417 874
-307 -813
-801 -344
362 -78
-682 -318
59 -566
995 885
-441 -485
753 409
938 -777
353 710
304 865
-123 541
887 -965
284 828
319 587
-972 119
-243 690
-752 327
-561 224
-693 245
180 289
272 91
549 816
-589 -410
690 -254
658 126
-639 183
-252 -187
53 927
529 -272
482 -616
318 -519
-354 -251
-17 495
-763 11
357 899
190 901
-363 -132
369 801
532 286
-150 42
632 -814
739 360
-855 744
-670 -518
-882 957
673 378
562 -841
-822 739
-623 429
462 513
822 -694
134 855
897 545
-933 -548
625 -818
452 660
-769 642
-883 -11
-978 -981
705 425
-916 -276
70 54
3 635
333 420
-797 -741
-492 251
-708 814
-931 -15
166 -530
862 -789
-152 -262
-416 229
-200 812
-534 -123
650 -979
-372 -802
693 -98
766 169
389 -732
835 372
88 -390
942 540
-731 -791
763 263
-988 48
-135 -238
838 645
20 231
-580 -308
992 79
-396 964
321 -479
-686 353
-102 18
-5 -437
-777 -31
854 -747
488 -470
629 -515
378 -70
-932 893
97 668
746 487
608 -838
620 482
401 -148
709 -668
-979 -850
904 150
-902 192
230 888
-873 -204
-970 -175
488 52
-427 -953
-54 -594
608 -640
8 -619
930 -469
43 510
853 856
868 175
-227 140
207 -427
-67 -733
774 371
297 480
-327 999
935 951
256 439
647 -358
217 736
157 -410
78 302
-741 -503
-683 -489
-52 94
-162 379
417 -387
-604 658
-292 823
571 383
254 -662
523 343
-720 -479
-387 406
850 408
-590 862
188 -678
-268 388
-718 -761
773 -783
726 712
572 289
47 853
-700 665
716 69
-521 -597
-26 -274
-929 -854
-421 -947
-404 -655
917 -261
-284 356
445 787
721 905
706 171
252 -37
-294 -971
716 -547
504 850
74 328
812 -113
-720 663
169 -955
487 349
-700 -704
-215 908
514 -296
-13 916
-427 583
581 -420
-693 -81
-857 -19
-758 -673
34 660
610 834
-558 -693
241 235
863 889
-546 -608
4 791
753 940
215 -44
-671 -159
-480 716
819 83
92 -992
-545 -656
227 -137
-560 533
-278 -711
2 -135
762 17
-868 965
323 686
851 75
-562 -451
84 -423
-965 139
-354 -962
444 793
-540 -503
60 84
-683 -932
-865 944
254 -506
-924 -47
-972 -311
-335 856
-249 -732
-75 854
-900 -529
776 719
-192 -827
31 923
-910 -23
-449 376
531 801
802 -716
-846 -419
696 -496
-230 400
310 612
207 -605
744 884
62 -959
-147 325
-265 -257
-838 443
465 463
985 31
-739 201
-959 -723
380 -322
700 41
692 763
724 -994
830 569
-170 287
354 739
510 963
-740 -903
209 198
750 834
275 -183
-489 37
980 -993
-860 333
748 92
-831 -974
-572 837
633 426
-309 81
-836 -433
-615 249
896 -777
88 -683
-846 -898
-147 -49
768 348
-455 88
438 -910
-482 -453
65 562
782 -15
92 -986
-511 -623
812 -849
-618 857
85 183
738 -943
-708 284
-661 -179
64 -681
-718 -348
645 -231
224 324
-266 -213
309 -668
109 461
431 -404
-471 -150
153 -372
449 126
506 524
704 751
788 -838
972 847
716 -887
-610 -413
-864 2
-26 432
-413 973
218 -625
914 90
-757 904
-663 -364
520 639
-691 -467
554 121
-135 -570
6 -21
-781 -322
-658 356
921 -454
-197 532
-536 547
227 -220
-296 816
880 -865
-268 161
497 -157
-90 921
315 -90
488 797
-720 -544
-16 599
749 168
-788 -128
-100 349
-356 359
-720 815
52 693
-987 -928
-683 187
74 36
-783 -104
-494 795
649 881
592 -197
662 359
897 152
82 183
977 815
152 66
706 57
-525 -494
-65 -453
56 734
403 917
232 571
124 -840
-466 -131
-434 37
673 -814
-595 -999
590 983
154 856
-815 -824
-334 484
695 -692
-818 -147
-590 -565
-513 -630
925 125
903 621
990 -866
685 100
-62 619
-161 -75
150 -307
-570 -162
-168 868
-404 -804
914 617
-884 485
-701 -502
178 111
-259 -286
280 72
809 621
300 -710
-754 362
634 -238
-818 882
-670 97
445 -971
-798 -104
832 -159
611 935
-413 329
108 356
-95 -194
990 -353
-130 189
-968 -781
-734 893
-611 852
867 739
-599 315
-714 99
640 -216
-309 -276
-437 938
390 486
376 -654
163 123
-901 -618
-710 -579
263 722
396 789
-286 961
-667 -968
-295 544
378 -207
-690 775
774 184
-284 -166
891 298
32 932
999 -308
440 505
-295 393
71 333
-491 802
814 -172
-134 -877
-521 277
-969 102
331 -420
-279 -278
309 82
748 681
224 -803
687 493
-79 -886
207 823
-70 -140
97 25
-240 -698
160 -241
-44 288
-849 114
-267 232
-573 102
-933 -453
517 523
-216 -694
-555 921
543 669
500 -821
570 590
-899 457
-908 242
644 183
-172 -509
-319 751
-781 184
728 348
-21 627
552 672
750 496
-11 -878
-499 -917
-771 82
-380 834
993 532
-42 813
430 225
803 508
339 846
442 404
-943 173
524 -142
411 598
-3 757
670 183
-793 450
588 -168
-99 -161
-206 -700
637 -155
-816 -958
-229 543
967 -851
-108 400
-412 -66
-220 213
-840 -727
-157 -773
-520 -333
901 -139
320 -459
706 -200
778 -547
838 -787
440 900
339 -675
65 -380
-8 -479
523 -908
-824 -524
-203 644
-503 -292
446 99
-425 693
337 410
952 -419
-31 -882
969 550
-982 788
119 799
99 -356
396 114
-804 328
-392 -804
-475 158
-54 -798
-409 268
348 203
-597 -432
688 -54
425 -410
895 -649
299 -292
236 204
481 -915
-798 355
824 -825
-769 946
-565 -217
843 531
922 156
-9 803
-561 101
-16 -310
57 433
129 308
564 -276
-723 343
-449 54
-756 -922
237 -839
193 -913
-515 -945
318 -124
-518 129
-453 -959
-122 441
828 -873
-930 996
-445 473
-334 -712
-279 -706
252 -68
-773 -137
709 -795
-360 -779
-974 228
99 964
-928 187
-29 842
-130 -67
1000 196
-349 537
-245 -248
-551 76
-300 338
490 608
882 -543
-931 823
962 337
828 -577
637 823
810 -313
-96 -675
95 537
549 -218
469 4
635 132
383 -873
-256 -786
881 652
-36 211
4 588
555 -556
-984 739
512 815
51 -931
-723 500
-762 412
659 -991
925 524
-853 473
-117 595
-326 -247
499 235
-930 333
-496 873
640 766
628 823
-798 -47
-548 776
499 970
-309 -250
-691 -544
-387 423
607 727
-803 -313
272 -500
246 -435
473 -400
41 287
17 -903
-407 -176
-484 823
-355 -529
-24 -648
-513 -35
708 890
-816 139
-150 608
966 -267
687 -325
528 -366
-54 -376
305 -844
-687 -237
777 242
309 807
97 751
-959 752
95 -708
-150 -276
-307 21
-327 779
183 -522
-93 56
666 582
48 88
562 -942
553 -798
961 371
810 738
-903 545
649 460
137 -937
597 842
-299 945
-101 474
-93 628
524 -775
-966 -340
564 13
-673 162
-215 921
-408 545
-668 -817
-118 398
-606 812
484 -282
276 136
212 788
-597 619
980 -433
-345 -2
500 489
-943 440
-141 318
742 785
211 -415
49 820
407 -778
-560 738
726 913
-890 -278
-883 -697
61 -604
483 -458
150 -808
520 -709
958 145
700 319
-56 -213
717 -47
829 -556
-315 832
-625 963
-948 -176
-910 972
-755 -108
-407 176
669 -775
397 664
-66 -605
-964 -872
843 749
773 747
568 405
-376 828
-537 -386
901 -446
-155 -419
-186 -961
-943 -217
246 88
261 350
597 440
-373 -186
565 893
-135 437
-360 -186
-494 -532
921 104
-296 -847
-932 414
-615 -781
542 807
544 2
-173 -342
262 516
-301 925
968 -279
558 234
-316 208
-146 -791
-4 448
335 -787
-893 86
-264 -653
-865 120
-820 -305
-390 7
-782 -489
999 -593
-151 786
-867 -823
266 257
943 -322
459 19
-591 908
-374 -822
175 -448
247 321
821 543
-50 -138
-723 55
402 451
23 920
728 -319
341 -743
504 708
-935 -923
-694 -205
972 301
137 -248
296 498
-65 133
-220 -670
539 777
716 -615
-831 803
-811 -365
-498 -458
-529 701
909 472
667 394
-816 271
517 756
255 44
-156 -763
-695 266
452 988
269 149
-378 345
-304 874
-750 381
-962 695
125 -857
-626 -859
-475 -120
684 943
-327 -374
-103 -639
-436 710
346 -589
-502 837
204 585
-911 -690
-127 50
592 664
-358 898
605 552
702 74
-676 800
-354 200
-616 624
345 32
-396 -793
534 488
612 442
-254 -231
279 402
212 974
447 876
814 -701
870 658
970 -990
434 -181
-497 448
-28 769
-120 -517
-911 -190
-233 -991
186 -214
200 280
-522 16
-987 -783
609 -622
565 -279
-814 -109
203 -322
-497 661
405 -48
-132 216
981 254
880 853
50 57
653 -264
164 663
-699 550
-276 -266
-120 -931
-246 569
181 595
-475 151
-750 282
-463 502
-467 -933
-937 602
615 220
-87 306
376 856
-104 -867
513 343
-999 -82
851 664
295 -511
101 930
-253 -690
683 -861
-152 -843
933 671
-499 -873
-784 -344
-916 -78
-354 -44
417 576
-749 -802
-358 552
32 421
473 -564
-354 843
357 -354
-176 93
895 422
334 -889
473 734
-601 -724
462 -591
113 742
149 -231
-246 274
-8 -567
-969 430
532 -767
-446 -383
-648 767
417 747
-568 601
-155 454
446 542
-570 -257
725 -887
-240 -573
370 -249
458 -878
-48 851
-16 331
259 -42
27 -374
-206 36
-987 -779
-685 -987
584 995
275 359
-613 -993
299 -747
-205 -359
460 -456
-37 -716
-189 -757
-882 217
978 896
153 -547
944 -321
288 -621
189 714
982 -77
326 799
-63 -263
84 643
-873 838
-537 -570
285 210
-677 -366
890 -375
479 -804
929 511
618 -563
-410 113
736 820
193 -613
-202 221
-519 -584
-51 392
149 103
-749 505
-306 -822
-844 59
-938 119
-222 835
-125 -777
-414 264
25 -308
-875 -848
-509 427
371 624
-462 -220
645 809
-523 321
538 -765
-496 -10
-119 562
576 265
228 215
545 182
603 -880
-667 926
648 773
-988 989
569 -806
-410 956
166 673
-536 -926
241 762
93 -171
6 397
57 831
267 -148
275 388
151 -517
-950 -346
-809 495
682 253
750 -606
487 -426
-847 -694
-244 826
-895 314
241 253
-35 -392
393 13
-918 -125
-320 571
499 353
606 266
-144 -609
269 733
-180 -496
438 -839
297 -541
-266 -765
718 -441
-534 34
-680 -668
509 -666
74 -126
-23 865
477 -908
-528 -373
-184 -174
-586 -412
-820 597
-443 -299
-140 -914
908 946
941 322
-97 -351
435 840
858 628
37 -522
-737 883
970 978
154 112
-319 -80
654 240
39 341
-904 -850
-90 -861
364 -126
661 873
368 -372
589 844
677 460
194 752
824 -608
359 639
-495 -564
-636 811
-951 -254
156 742
824 -697
-475 -34
532 -795
284 -52
177 -84
-745 -244
509 159
-937 46
529 444
-203 161
642 -140
-915 -385
-641 -748
713 948
-182 -631
531 -827
678 624
-915 -858
-718 753
-661 408
192 -776
658 -123
-829 404
32 -942
678 -292
455 448
400 958
-602 -684
686 726
110 -925
-108 663
-676 -336
-991 791
939 -314
54 -728
959 -458
-493 234
874 -393
227 70
-87 33
900 721
-363 282
-518 911
616 731
-254 937
177 318
499 -617
-294 -283
531 517
106 599
406 -886
318 -190
536 388
951 -78
474 -949
743 31
-580 898
133 976
463 593
-489 -891
470 -545
-150 381
-215 446
-206 169
384 625
846 -122
-386 947
-16 -629
410 -908
-911 -557
851 85
-940 172
700 944
-115 639
612 850
592 -982
690 86
239 -318
87 698
-74 805
840 -90
797 822
648 727
-68 -803
482 742
170 593
-688 807
-20 -382
801 464
-525 -610
-905 971
687 -152
325 765
859 381
-123 761
-326 875
101 -834
-883 575
187 -913
5 -718
-985 -923
606 -552
890 -639
-490 209
36 -378
-848 -100
-36 709
474 524
-244 -649
581 238
172 132
-351 97
-227 792
23 413
-904 682
-753 602
240 -273
-877 698
-965 391
159 -185
612 -633
-848 705
431 -398
-133 853
-776 263
5 -463
-205 913
125 821
668 658
862 330
-420 881
-96 -146
-884 24
397 625
130 -308
-982 -815
-898 -171
98 207
83 -32
-691 -850
463 -307
-980 -162
371 977
-370 -117
547 -504
619 184
207 -740
-526 -802
526 -785
-989 606
-933 605
120 339
266 75
161 604
9 590
756 573
-608 -526
-124 861
-94 -527
-556 -636
152 403
-792 255
940 -945
-635 -801
-63 287
125 -954
-292 -656
454 -618
-869 -428
-389 -93
981 294
-383 -669
-956 -710
363 26
-45 663
46 -514
655 -458
200 -506
224 -151
660 107
419 125
-218 472
719 -692
837 -378
408 73
886 20
-551 -539
695 -597
693 -828
-918 -382
350 -131
-311 686
575 -251
584 -20
-957 -47
-585 -16
-543 982
6 -421
-546 -551
-744 -819
683 975
-30 69
628 -4
991 -148
-326 -315
-793 -121
-185 -181
262 291
475 -315
-672 327
-298 933
383 -336
-178 41
710 -352
-215 768
-724 -666
983 -794
-152 520
732 -340
264 -119
-499 204
-908 82
-279 -715
-656 936
-323 -62
951 -245
505 -308
891 749
-184 45
-924 -874
-634 -779
796 619
-899 -167
516 192
-466 995
278 -570
77 -164
98 479
-57 -983
846 558
-230 -349
993 413
497 -246
386 -501
-201 -244
296 455
28 467
-724 -273
633 206
-449 -596
20 629
371 -827
-428 952
843 334
-693 -854
255 732
659 670
780 775
-224 431
-344 912
-332 -679
32 554
582 934
-533 -553
-301 -221
-69 -82
334 -681
400 -779
-787 338
650 -176
-152 -900
68 -897
861 832
30 570
-960 901
710 920
671 -700
767 980
-623 -914
-15 -9
-648 -740
-911 -986
-182 -685
64 676
-539 143
538 538
-836 -915
-351 366
181 614
-650 -815
-32 666
24 -572
-533 -503
-577 224
530 659
94 -644
-256 -832
-590 -265
-940 843
-261 288
-531 -987
453 259
-426 -783
430 284
849 -522
660 -837
-762 992
66 -862
516 -964
155 -608
496 -196
774 -671
-281 -916
365 176
886 -341
-275 -985
391 -350
-181 -391
158 -164
701 -358
653 198
-894 -634
-432 -452
-394 -694
-958 385
445 185
158 793
-253 -664
-592 -404
-757 110
213 885
849 272
-606 -561
-649 595
-46 387
418 500
-533 815
54 -489
-46 -284
-419 645
-941 988
158 -349
423 862
-814 69
-887 -658
415 -261
-885 -358
-329 -268
-200 -72
722 294
581 -326
82 557
-836 388
356 47
-921 969
-676 93
582 -817
-960 691
-124 822
716 354
569 506
744 332
-169 951
939 669
-820 839
-976 7
94 -50
454 -559
-172 87
416 -251
410 -371
-181 348
553 -609
731 660
-106 529
414 -486
-652 -341
-235 140
-638 -204
-21 84
-26 -526
-813 -36
-641 479
189 -939
621 498
173 -519
-652 -146
879 487
345 -936
537 568
595 462
-231 248
-946 970
-976 750
858 60
567 821
365 936
388 690
-802 339
-617 716
688 76
41 -427
246 869
912 328
197 -740
-794 337
233 -650
-591 500
279 535
-279 986
237 -811
961 27
741 -893
-84 547
34 -814
293 468
155 -14
638 -777
321 290
313 -733
-481 137
-463 396
0 -313
529 69
-196 -604
839 -218
-32 205
669 630
618 143
-484 -157
204 -125
591 169
-693 -347
-129 -824
-11 -475
64 -301
-697 424
762 483
387 -11
588 -456
479 -337
504 192
612 -935
744 13
304 -746
-580 680
741 -322
-321 213
-848 -813
298 788
409 -90
88 -295
466 804
-103 -997
-349 636
383 -11
-621 -710
-629 -500
-248 -904
997 157
-381 348
-592 -432
-607 -160
-824 963
278 395
-951 -164
-287 -479
998 609
-48 -473
-21 991
-517 -514
184 489
-913 256
-526 -92
664 228
207 374
-70 -709
-278 192
371 -106
-965 -926
394 -625
-475 -495
-443 730
-939 404
897 -43
326 459
228 -156
-109 -556
-450 -412
630 -304
-945 -364
-741 56
-757 453
287 182
-859 -714
779 -493
850 352
377 231
382 -827
16 397
402 -775
685 36
683 -786
-167 438
821 -484
810 807
-379 -272
549 -222
309 -878
-782 -922
-95 418
-669 75
-303 978
-195 -851
145 -154
-994 297
-367 260
542 -470
16 -545
591 51
126 536
-736 834
50 52
393 848
-65 -165
432 -444
-585 -591
-187 977
-449 864
-298 -948
-371 -132
-283 -748
268 -53
-834 811
-974 345
-291 -484
-369 879
35 818
480 89
-203 984
-470 262
-417 -355
146 -571
-25 -846
303 -448
-963 -909
-518 895
638 -595
-543 736
-188 253
-149 -310
-453 -291
-262 556
687 -579
-601 -77
-219 -802
507 -611
-238 -176
-455 397
-66 -825
-174 443
-514 966
966 -185
760 -533
29 -559
787 699
-644 -490
-757 520
714 -233
711 -846
-433 975
306 -205
-586 268
-89 461
-492 762
128 388
-937 -900
633 142
-462 -844
-962 -673
915 -420
345 642
-866 462
-993 370
594 -131
-300 675
-427 735
-618 663
-304 55
-294 -913
302 993
-561 -93
19 768
540 830
-933 441
303 957
-780 -265
147 -734
611 -873
205 -694
-388 183
-503 -19
-374 636
-444 -798
-499 521
744 -402
141 491
423 -173
-891 -710
-809 -352
131 676
852 694
-806 -259
-220 -839
42 525
189 -898
-45 -113
196 -85
-619 -773
751 -915
-333 -352
-809 -938
-374 -724
-75 601
-209 535
502 -739
-824 -774
-270 86
-372 481
-718 187
141 -964
937 -423
-454 361
-353 -523
-869 19
329 -413
-428 489
226 160
818 -971
873 952
-61 786
-931 477
873 498
31 119
-106 762
270 465
47 -671
560 987
939 -915
219 380
-669 -556
-69 620
362 -710
-74 -727
-668 930
-309 993
203 13
-983 975
-658 648
-492 655
-647 193
-135 -182
714 -305
903 985
-60 -409
557 -23
430 -241
-470 561
645 812
21 -170
350 -491
-973 -800
61 -451
358 99
732 -102
-897 -217
-477 -884
379 735
-267 728
605 -371
311 -224
461 -26
-838 -748
449 -264
-490 715
-672 397
404 -970
196 -391
277 -646
-133 668
-342 -404
-915 -409
-873 342
837 642
319 -357
219 632
-989 396
-563 -604
227 776
-206 -615
-240 411
-51 591
-809 -943
683 -576
-95 -857
-566 -509
705 -44
-919 591
-393 720
972 -859
121 709
-236 -402
29 90
526 870
-970 -824
915 53
261 185
662 -694
96 -410
-186 -792
-997 -137
-429 149
172 -807
-38 194
-764 866
-487 -555
-44 -365
253 330
537 423
-831 -421
640 -67
-533 -575
-534 967
-18 433
-853 487
-803 -287
-365 636
-174 436
262 420
-803 -61
2 743
-185 8
-783 -599
-766 924
-321 -431
-740 -794
210 -71
-173 159
227 -94
532 -848
-213 -842
-440 842
-875 -604
-852 -889
129 -73
577 -129
463 703
-144 -731
-902 134
101 -136
-492 -914
797 148
597 884
143 746
-335 -421
-978 -204
-509 773
81 -241
-594 -506
-880 -233
270 194
883 414
-434 -466
439 -804
469 831
-592 -53
466 -375
-232 434
926 -617
-648 426
-615 -733
24 62
107 266
-160 -166
688 -205
-508 -894
-583 -323
-586 -401
943 -463
-124 649
-976 -989
-80 -128
-326 -301
426 -233
-702 -206
-187 -532
505 -395
-368 42
247 748
991 234
224 927
928 451
-698 438
934 112
-956 -629
986 -809
-279 -451
858 -794
-788 542
-739 -993
562 514
-642 381
-906 423
621 -499
-645 694
-46 -6
397 937
196 788
-295 -372
-146 373
-178 309
-361 -205
-851 845
-673 -933
-451 -173
346 -165
-29 112
915 580
-668 -3
-355 -738
-693 -570
-58 448
372 725
482 -995
-249 934
-233 -665
782 -150
-169 -61
-662 192
764 -482
177 164
-773 -981
-938 375
-341 -427
-621 659
-232 973
-539 -927
298 38
101 -495
-82 -584
158 13
-590 -57
792 94
-784 -714
-685 -901
213 277
-169 756
-432 97
984 -835
2 554
-717 -431
545 -313
-25 8
-665 -562
533 -320
591 839
152 -419
41 586
324 623
-777 -539
-998 874
-923 -906
229 -509
-436 771
657 -642
187 830
515 296
400 -977
-555 -27
600 721
-717 -740
775 -147
-578 -763
590 816
790 954
369 385
-727 -855
-51 -613
389 -643
828 -719
341 -245
-54 614
648 -141
254 -175
-195 655
684 -645
-615 -718
822 -160
-937 920
-615 -679
19 -364
-370 -845
-842 -674
-101 24
882 433
566 -786
937 -219
828 810
-534 97
-698 956
374 -234
65 958
642 362
-322 -921
-223 177
888 -819
-758 -723
282 -305
-551 795
126 999
786 745
-283 -424
530 -633
-591 233
-608 849
850 754
116 929
647 -349
-644 876
429 322
-689 -32
146 657
-183 38
166 -661
-710 332
-217 -902
-974 -649
-823 138
269 404
-269 -975
-236 -782
575 -580
-252 660
173 -526
910 -665
-650 105
-265 755
137 781
-592 78
714 -720
-441 -939
-114 82
-943 391
-54 391
-62 -740
683 -526
-830 -763
641 8
-322 967
-365 -963
338 -673
-598 -736
766 894
569 -994
-705 -602
-386 141
486 728
-345 -888
491 344
-511 506
60 -993
-178 77
173 -425
354 -17
771 421
-415 -576
560 -270
-637 -953
-955 429
-182 292
820 -651
804 -131
-905 447
-448 206
-337 -698
-178 -205
462 -754
166 552
-676 -830
686 -281
808 -20
869 -432
-194 705
510 -937
956 279
117 -442
-502 113
-655 249
358 805
846 -676
574 -913
953 -822
-345 -62
412 433
97 -361
-306 -371
450 217
-293 272
204 99
484 596
208 -892
981 720
-712 882
813 221
190 73
295 -546
-152 -508
301 766
-237 5
-655 342
122 -96
-918 610
333 799
724 752
425 -470
236 371
-922 567
387 8
-636 338
273 -896
331 370
869 -456
-564 528
334 -721
369 85
-65 797
879 -935
-465 275
-7 980
-380 -146
-866 -341
-989 481
-397 849
-448 781
394 769
903 351
33 -523
654 -468
-799 -7
-534 433
-816 220
-298 452
-394 601
872 -125
-625 -618
-402 -804
4 79
-35 -950
123 -610
-867 702
121 -517
-693 333
521 -756
819 434
-31 201
775 694
44 -597
239 286
-35 456
442 248
497 -283
-935 93
330 202
765 354
610 873
-385 209
649 78
587 420
659 822
5 -724
181 411
-374 776
736 -828
62 58
-437 -414
-6 610
290 -376
501 690
979 -923
183 537
990 419
681 -463
-569 -749
-580 -165
525 -940
-733 286
-975 -730
-87 560
-930 -278
-842 -212
-328 42
-294 -265
139 811
908 -558
409 897
584 529
-5 -832
-120 -192
543 -383
-705 52
-987 -50
-738 -375
606 -354
-20 179
-968 -156
417 -899
-776 239
-539 300
110 -929
-125 91
323 228
-298 -171
741 -692
610 -193
975 351
-841 393
-684 -714
-356 979
347 635
-560 -255
941 -664
787 926
719 -319
-303 929
-726 -93
-376 -703
944 719
-714 979
799 9
-216 -429
-684 -899
73 925
-227 -825
-790 490
-353 -508
917 -692
-21 761
-75 393
717 -412
44 106
779 -160
524 -348
334 294
-541 491
677 85
50 -567
-749 -654
-230 455
-607 -205
-46 -893
-123 497
766 -333
53 868
530 18
-607 857
946 390
-701 -934
121 530
404 120
-379 -870
223 769
4 941
-842 544
656 -201
938 -6
-635 751
839 923
92 -692
186 -204
266 977
-251 263
804 -690
851 -599
452 -460
-39 375
-88 -405
-536 610
387 -691
705 -743
-696 266
-784 -381
182 479
-366 129
389 -514
187 949
-299 432
479 680
-656 381
-972 -772
-38 -789
-936 -944
-956 -894
-207 24
-141 -733
710 242
-96 -999
-345 189
-606 -104
-578 -152
-88 904
622 -400
-758 519
-195 -11
-17 -587
-945 -898
-920 -945
-524 829
-380 396
728 -539
-104 -576
298 374
-124 988
-989 -138
-35 681
-887 -640
872 73
-2 -765
-575 972
-661 855
945 -240
92 131
-525 848
-168 -520
-607 -667
-762 -389
-354 447
602 346
522 -579
854 -726
387 -153
-710 -273
-558 697
-786 -717
488 -810
-92 168
-972 678
-620 454
-530 544
584 422
244 460
24 417
758 -808
143 556
-547 -931
-474 677
611 250
-278 445
-601 814
470 -995
891 51
-963 -700
672 304
-869 550
520 629
660 -260
108 -529
591 76
504 -453
177 246
-971 495
-582 -526
253 124
975 556
-838 -853
-554 -894
542 -596
-336 553
-15 448
74 210
866 -21
-58 120
-939 590
870 841
929 -294
-538 550
452 -722
-797 480
771 418
-903 465
-861 205
-53 671
313 279
-159 -78
494 868
212 589
134 758
321 124
-279 635
-127 4
383 -87
-932 -848
-347 -370
-744 326
-535 224
-861 500
807 -931
627 512
-307 797
417 417
-844 948
366 359
237 23
-516 722
890 -921
709 918
265 -278
580 688
11 814
691 913
-906 988
-346 150
26 434
717 -341
-284 885
-674 -800
-379 -149
132 -112
451 -369
424 -578
-807 638
-344 -607
183 -929
-280 636
836 -838
390 738
-792 261
-835 -764
277 -690
-167 -59
142 935
900 319
-664 -362
85 648
-958 -492
-184 113
963 -643
-864 827
757 -600
-510 -474
-216 -401
873 777
348 -990
840 890
506 946
-86 183
198 -745
984 -661
-926 878
-319 -425
-508 -828
-497 -735
-902 137
263 -387
171 -38
760 -638
30 541
-580 -596
64 464
-234 -617
939 690
523 972
-979 -483
416 998
91 309
812 489
-775 207
910 -357
-390 -120
-866 -979
538 -723
551 -279
229 927
-617 759
-850 -250
375 656
-952 820
-8 -869
-20 833
-601 -496
219 -980
434 659
142 376
840 -306
-411 -48
431 23
805 328
157 812
736 164
-662 572
711 259
264 -156
463 207
-695 -650
-917 -774
-14 937
714 728
881 564
-513 271
814 -89
-25 345
-156 893
687 -745
-7 366
403 -638
-441 218
-340 244
256 -365
426 66
34 -667
41 271
899 -836
434 -436
271 -910
906 -612
733 -291
248 29
217 142
-249 -810
275 -534
431 756
183 -310
199 -325
-518 -195
-686 -201
603 545
228 -201
-882 573
-693 821
309 236
-784 296
-59 339
921 -842
-772 791
-100 -320
914 -892
12 878
-111 -601
290 319
-509 -428
-107 -685
-295 202
295 -49
146 -192
-286 66
-266 -178
256 -49
-332 -871
-504 -963
-915 -863
-844 296
555 209
-662 962
-906 -112
381 793
61 -514
-344 150
-380 -351
-492 -279
630 875
-787 -194
548 -260
-547 -100
-2 459
558 113
936 196
-202 -398
424 217
-550 -930
-700 581
-564 -910
27 -784
419 354
943 -291
-22 896
-893 -182
487 179
-640 -940
639 876
621 647
-299 -76
438 464
-737 -432
771 829
732 -660
-743 344
770 722
120 122
-184 978
238 -553
-81 -604
-187 46
615 596
-163 -614
-527 -291
-735 -759
-544 207
403 343
753 -663
749 542
-811 -256
366 -621
376 807
-99 351
628 687
-861 750
144 270
-219 3
-214 -375
-497 754
910 -39
559 -900
-707 -694
-533 658
264 -930
-126 -180
810 -108
-333 -149
-232 -222
-805 -68
902 -76
-773 268
919 569
-413 726
286 343
549 745
435 807
696 -85
994 -283
693 -795
-657 -854
-846 -620
-667 295
-168 -330
-912 -241
-525 -849
2 547
689 -595
-570 12
126 -95
-200 -226
597 930
-51 227
-328 805
267 284
913 527
-539 941
688 -123
-580 839
591 -924
-150 -940
743 -645
89 689
-795 116
-5 94
-226 793
-768 -477
-5 -821
-578 -339
147 171
840 1000
82 -286
99 -281
-149 -819
-566 -962
140 -915
-812 -445
-907 -175
-819 -553
-112 918
-485 -689
754 526
-932 -617
-649 950
-304 -2
219 -925
-394 614
-444 559
837 957
600 543
-95 538
455 387
-814 649
25 933
-522 -472
448 -678
303 -707
-928 906
-917 -457
-11 -724
539 666
130 255
506 215
113 -743
415 984
993 -565
15 -931
941 -540
-902 738
-881 521
193 -31
-632 -377
124 -505
87 340
-372 290
-629 240
170 -14
-953 865
803 -653
-272 519
-391 299
-23 -724
398 -54
670 -464
-862 682
-782 792
-276 383
293 -650
296 -301
-899 963
514 -741
882 -154
-643 607
-412 -951
-719 -123
682 69
-555 646
-632 497
207 -765
270 558
709 120
-695 675
949 -409
-980 -129
-828 233
-128 94
-542 -989
794 -70
-365 896
408 213
-564 264
34 948
345 -790
-75 -872
93 -822
287 -698
-526 -960
375 258
853 534
816 -226
946 983
-863 247
-783 -404
-477 -66
387 -869
526 75
-627 -830
-915 -469
-95 703
-844 -623
764 -270
-454 814
774 -539
-911 -404
793 -783
866 -717
-635 366
-555 -463
-522 -556
172 75
-902 -708
152 -494
938 868
703 -606
-136 -64
302 -776
-120 -230
159 550
-459 -220
-233 -815
-772 22
877 403
72 966
748 -67
-544 215
154 -227
-486 -35
-822 534
670 829
-91 634
377 236
-945 -943
938 663
-277 -454
-530 956
-716 482
664 437
556 826
566 -574
-201 -7
62 -311
353 391
-86 -187
-190 434
-60 619
-15 336
894 -534
-570 828
-863 -7
-442 704
-78 691
-61 416
-367 -713
784 -577
-961 69
-195 -772
-368 538
571 -528
108 -58
-58 -876
416 -777
46 -705
837 -27
304 60
-479 -726
523 -256
-194 128
314 -107
697 -69
-963 -563
306 -273
-851 -139
180 365
733 -672
-794 -581
688 27
-683 540
629 -234
610 -298
112 739
10 715
865 974
619 -914
-793 218
-803 27
-114 365
-624 -717
-357 -1000
-68 -386
113 -938
645 480
-621 -897
723 88
445 756
906 -451
464 679
901 48
-93 -238
446 -971
384 820
-860 -67
690 408
154 -522
493 -413
-871 535
719 775
60 162
-298 -909
-517 781
-241 495
746 630
-249 698
-46 -302
874 -412
651 -605
673 -505
-167 740
-933 -270
-637 -970
-726 277
822 -841
-812 35
-996 808
-334 -104
-76 -777
-304 40
276 926
-484 771
625 -328
52 -708
-896 372
-601 -596
-393 886
340 -410
284 554
-402 166
-747 98
-921 605
775 -946
-344 617
326 -397
-850 -150
118 -829
718 644
352 942
549 169
593 -23
-279 -950
997 753
-885 -693
593 27
886 -869
-400 -258
801 722
-895 125
669 -646
899 378
41 -99
-189 546
-127 932
734 406
-852 203
-506 -788
681 -213
303 -308
624 -265
909 -896
494 677
-762 546
-976 -936
828 -287
49 531
-237 383
847 939
-118 91
878 668
389 593
144 624
-716 733
-518 -792
560 819
816 36
-774 96
-44 -636
282 251
752 566
261 -978
165 240
-918 -327
-286 537
-963 665
844 -234
213 192
365 92
-355 -574
339 28
974 -383
-345 77
-619 528
914 754
95 915
-676 37
-636 -736
-855 570
-525 514
906 -355
720 -356
84 536
880 -375
303 462
667 -710
-161 817
778 708
279 -950
524 -240
637 731
951 -578
677 -3
-287 144
-859 236
-416 -352
505 -787
212 -858
-277 -894
262 424
-857 -623
422 327
57 112
165 209
679 -85
-201 412
319 546
114 -971
-958 564
426 -830
-678 568
-225 482
-184 515
632 497
-650 588
-841 523
-521 -975
-904 666
-698 363
181 -965
836 -536
439 859
292 244
419 -50
-927 -82
-948 241
-881 -33
519 -856
-582 -301
274 378
164 -857
-564 581
651 -778
624 -480
802 930
-18 884
202 46
-498 151
867 494
-362 870
181 -623
816 340
-731 356
943 -450
834 -914
861 -974
8 466
470 268
-246 192
721 879
517 128
673 -407
167 -841
256 -371
-239 -298
-145 -871
835 -961
-395 -158
791 -912
-94 -881
397 261
-418 356
-190 704
301 -996
-146 920
-821 -648
-630 340
648 21
-887 576
424 309
-786 -200
498 804
-525 413
568 -323
693 152
-949 348
-364 -438
-907 -133
-857 227
-750 422
-749 -726
948 784
-523 683
-451 904
-675 -828
-537 460
-697 627
99 501
-246 -397
64 -263
28 -977
672 72
931 537
61 774
-358 -189
48 487
662 651
342 559
-858 511
-998 601
980 726
-323 923
969 -521
-166 445
863 307
415 -716
-797 221
111 -240
-127 861
-744 877
178 945
47 302
-349 -751
-644 863
871 -588
-387 13
561 507
540 -587
-142 65
-948 377
-254 602
-965 -560
916 -126
702 474
294 -49
-252 620
-665 -438
467 -321
-979 106
302 810
-824 -890
-101 -972
-167 457
229 -862
504 -991
-720 -220
-306 -894
-696 59
969 29
-504 759
775 79
-918 219
781 -718
822 -781
-557 547
237 -150
801 489
726 -18
-940 878
916 -891
-399 -816
-420 -845
16 862
549 -907
92 735
-219 -831
-363 -925
76 832
787 346
522 960
534 -634
734 -352
-93 828
207 -18
-548 864
-565 -553
-947 -212
769 -760
-391 -193
20 -78
-987 -928
-370 -538
-643 -162
-286 -888
735 679
769 872
-54 -472
-272 -567
120 -714
700 -570
785 -783
-351 -592
152 -398
169 901
-104 -404
767 -880
410 472
-756 785
81 -781
-323 338
55 -759
150 829
-544 45
-774 551
270 867
-620 880
217 592
475 -663
22 507
-228 -931
321 890
432 -940
-914 -95
876 -451
-100 -82
952 -696
889 295
755 -21
332 -552
36 -715
472 669
462 836
575 895
17 203
865 -594
-499 270
37 -153
-312 242
192 950
891 395
-436 160
-634 -864
696 657
744 -937
-448 742
-438 341
-286 563
-564 931
-993 140
-166 129
-597 -25
-519 -536
-969 -264
-787 819
893 413
813 915
575 -626
-8 19
-904 -13
-354 646
548 10
265 910
612 173
925 -977
888 479
527 -925
-537 -802
-853 901
-346 348
-243 -787
-543 393
-98 314
103 -384
-479 -198
-340 -930
84 -774
-670 319
-345 725
-546 17
-774 -881
823 7
583 -519
932 -527
-935 280
885 -919
-143 -265
-339 -88
-107 580
489 54
-761 -623
-934 -948
687 -88
-70 688
225 121
959 715
493 -255
15 -214
67 -447
959 345
-831 -655
-347 -495
-976 -950
-936 621
-61 776
-172 -50
-744 -722
471 -745
623 -24
-261 200
-463 -319
162 -406
-32 529
-777 -698
-285 -653
148 -90
31 -783
618 632
-632 -464
588 427
596 -989
973 -253
998 -909
-423 987
202 251
-165 -921
-425 104
706 436
598 -183
-174 887
525 30
489 762
-779 -182
89 58
-891 655
144 -745
-614 -599
523 303
287 -396
-951 -610
-34 464
673 -740
-133 627
-600 272
-215 356
260 134
-164 72
460 -519
767 -608
-676 -101
-679 -426
112 192
-325 -990
294 -355
-607 -725
570 577
-517 -602
-330 -31
-668 -850
959 -965
-173 577
883 -750
-951 828
216 -196
551 594
-778 -483
8 -682
239 -385
84 -149
-686 421
453 481
-61 -482
-919 269
-733 578
-475 551
-388 -468
-743 530
944 -67
-481 -554
-893 743
860 -658
760 -345
46 542
-604 -40
-920 370
-777 278
-352 -674
-928 -125
546 639
451 417
260 989
-129 -198
15 -853
-705 -879
-106 -566
492 613
-99 854
261 38
-340 -400
-477 158
-999 401
709 467
878 659
719 942
933 566
660 910
788 -640
-411 -983
983 -483
-678 -931
-207 -876
904 -763
783 500
638 789
54 -397
-710 769
-414 -260
241 -807
53 200
623 -10
38 414
-1 -503
-329 879
-468 577
800 653
818 -243
-533 157
-22 -344
222 -256
-137 6
-317 769
-569 171
-442 580
-689 -730
961 636
-164 57
-959 -396
586 -914
-633 707
-413 257
-587 902
-995 650
915 510
382 993
556 579
196 -947
348 -982
158 -379
40 717
-613 -849
69 673
-831 414
0 16
378 467
-496 263
-131 -647
-46 426
160 105
-401 -941
-559 -261
262 565
-592 -824
-616 911
125 505
109 -758
-212 37
-331 -531
518 -727
721 305
-674 -307
92 815
-421 406
-892 -248
272 798
689 810
-856 -145
793 -827
129 -268
-916 -71
-41 -991
-371 621
-146 -962
-679 201
-407 100
-844 845
-142 -706
733 -42
-828 365
187 -360
-488 -639
677 98
723 -146
457 930
-708 -355
-106 598
-189 739
93 863
-24 359
-844 240
-623 -419
-114 847
-34 188
160 116
116 135
-47 50
-49 -237
-873 419
324 311
-107 -252
919 -376
168 694
-602 930
-506 522
-257 -103
-851 139
207 212
394 248
20 670
-483 -725
-241 -47
-733 395
-89 294
-585 -780
-477 -56
-100 -430
-286 -864
-306 357
406 -602
-110 -134
-682 -777
-864 -948
924 558
959 -531
-449 99
67 329
-182 -998
-903 565
327 519
-3 364
-855 -66
-619 140
-887 -920
-377 138
656 867
845 135
-41 -368
-542 83
421 -829
-429 570
-276 751
196 -866
109 -578
-396 920
-161 466
397 319
-440 -413
-763 -647
-178 -494
521 227
312 461
-872 266
-505 -737
-82 920
-147 -692
-718 -999
-807 -953
123 677
530 279
520 -379
-46 691
-1 890
-216 593
-702 333
-283 -516
45 933
946 63
-726 766
147 492
-332 812
210 460
703 992
-49 -777
935 784
-881 879
731 148
-546 -10
800 -781
598 -124
-75 566
-104 455
263 -570
167 903
972 659
-409 -316
122 -69
142 -108
490 975
820 -771
209 -366
105 889
938 525
846 960
462 -18
-233 411
110 132
-735 -864
69 795
-258 908
647 483
-978 402
-928 300
156 384
-635 81
283 988
90 -601
670 -466
962 982
678 -868
944 -684
660 328
377 -67
434 -846
-903 406
-774 879
-223 700
970 -867
-888 322
885 -411
-234 -901
-865 -966
-979 754
873 846
581 -257
-793 -515
676 147
120 603
-179 907
-202 -299
463 23
-722 490
335 -251
711 934
680 533
-161 -611
-86 -443
138 -82
903 -77
206 128
275 206
216 162
880 863
788 69
-124 341
814 709
127 477
10 29
-63 342
547 -136
298 -370
-866 875
576 -188
-592 -252
-980 305
-704 -803
612 705
-817 -802
954 -542
247 -338
467 -482
-545 467
-352 -937
-115 393
32 -796
-889 943
126 89
-849 -834
543 946
-258 -736
-521 -653
-195 476
393 -487
-221 247
621 102
-734 -928
-734 -637
-917 -301
-856 -164
550 -612
-523 -572
460 764
-303 -633
-765 527
278 53
658 -968
-221 -864
406 520
484 -968
-706 -537
913 -4
-386 -193
-841 819
124 565
-599 239
-62 -666
983 862
673 961
-275 -179
365 537
967 671
117 -260
-265 -998
-935 -613
-102 93
-870 186
833 -400
91 86
-211 -723
672 -231
-624 -119
-704 435
787 -228
-43 825
56 147
-814 791
-977 647
52 265
-647 -267
691 624
-772 714
818 26
-233 -483
546 745
318 -436
801 -671
-167 471
-570 -615
383 543
-182 521
720 509
-51 275
811 585
-132 731
-411 94
760 460
462 264
-768 563
-886 -691
-980 -922
-315 -740
-654 898
-697 -988
489 162
-273 946
-662 -438
711 475
87 933
-148 -210
-180 645
173 -793
931 666
-118 -675
737 -311
-795 -58
32 -747
380 -479
-722 944
-483 -171
568 -179
400 -472
6 196
-993 43
883 -717
675 -169
361 -72
958 -60
421 -391
-515 170
-378 -924
-320 592
-987 251
711 -411
732 964
-869 -777
34 62
589 748
-202 809
715 -494
-838 -626
176 642
-104 607
-664 622
-892 375
-113 -805
-418 -291
740 -429
-957 -184
484 -765
609 284
234 -486
-186 126
318 -422
195 979
395 -910
514 150
-609 204
269 127
-817 470
-766 -428
-658 -300
787 -26
490 741
841 594
81 -803
-893 -523
696 -958
-390 883
164 -693
-205 882
-301 856
676 692
369 569
874 -780
792 39
696 -82
-778 310
-804 -929
177 952
-897 -644
-729 -985
136 750
53 113
672 742
-313 -412
-896 -994
-152 -252
605 -989
-187 304
-704 570
-894 448
-487 -598
-725 -992
-242 5
-566 -583
-19 -525
167 506
547 751
-175 -842
169 -117
-949 876
101 -382
376 186
-677 -436
915 -846
66 -790
850 -130
-14 363
90 -288
-872 -203
7 -34
779 653
-249 -363
835 -232
632 -674
264 984
522 14
422 -437
-328 -534
-520 -878
153 -533
802 -972
-479 388
-648 -387
348 879
-208 891
-213 863
-933 -774
-953 251
304 655
558 281
-125 -195
570 -848
-806 -487
-470 478
523 1
-85 362
-553 -583
-628 -110
196 744
-263 -530
-159 416
903 149
757 -591
-886 -347
-645 522
815 -691
51 -779
23 -539
267 670
425 910
-39 142
199 659
-236 764
245 992
614 -754
774 -442
941 -449
500 -413
-798 -337
800 253
787 882
-954 708
-424 314
-847 -171
-408 -780
-497 438
-770 -852
947 985
-292 -967
-259 378
549 691
-430 -53
-174 800
-44 -505
643 -644
-317 852
184 -937
149 126
-739 264
682 -438
68 -699
285 129
779 176
565 83
-653 322
206 -562
796 -736
-873 -425
995 281
-209 99
-393 632
758 353
193 587
655 -654
-876 -20
-293 661
-687 917
-876 -708
-999 -856
-477 -938
82 919
945 845
-957 -668
586 -943
622 646
-598 -167
210 -172
425 722
518 216
-996 -616
-355 -381
-652 -509
212 659
-498 -378
-77 -35
-284 -419
-127 142
156 858
-295 265
-769 -660
933 344
-372 872
-283 248
457 429
-834 635
442 -24
-41 313
635 -346
282 329
825 -990
-843 -434
23 36
655 -195
622 445
-856 -629
-383 613
-953 -924
-186 -487
-767 588
139 -871
-495 -507
485 643
-690 -280
-497 98
21 937
-694 420
-332 107
-559 -362
-129 697
104 96
-378 -398
871 -60
591 -701
-778 -24
-225 -779
175 -227
-954 349
776 -802
248 -556
736 -957
363 130
-64 -264
413 -688
-821 -42
501 849
-56 -441
-459 229
691 436
317 111
30 -11
503 -736
825 726
-780 867
279 895
605 -900
509 -379
529 -517
671 -499
-789 -560
362 529
832 920
396 480
320 867
192 809
-889 -263
993 -875
441 -423
-22 532
973 -201
-80 -669
207 -394
-169 458
923 442
885 676
865 781
-846 392
430 562
278 126
-115 -829
963 661
-21 101
661 -459
-355 331
-408 -418
-869 1
-978 -975
-650 859
-355 431
-184 -612
-778 -518
-335 -212
702 -886
-934 280
636 -675
-526 372
916 84
-208 -498
-99 -504
-56 833
182 -206
855 -565
-849 843
-32 283
714 -347
-219 -893
200 311
117 -406
-408 -101
576 740
-404 -898
287 262
49 368
-356 419
-650 -694
45 8
-452 745
821 -592
-457 113
-212 -717
-534 522
-863 452
794 822
-844 418
277 -304
792 -687
-360 -446
-611 304
-973 414
413 12
399 25
-244 -894
720 -292
-303 137
84 1000
513 -695
-153 -546
-587 137
-725 503
937 696
87 258
-386 978
2 575
-50 143
693 -829
960 -265
30 -174
-217 -705
-476 343
47 532
616 298
-65 692
284 -361
-911 -128
345 -490
812 -254
-150 -964
468 195
825 -34
861 759
56 11
34 -380
521 167
386 799
976 -24
49 -646
-866 490
-437 -311
854 -575
-552 -50
-212 -853
-814 433
-978 -81
-491 32
676 -991
958 -571
-795 687
-731 937
790 328
351 64
-523 -704
744 338
-48 -493
961 -38
119 362
-898 889
119 427
50 191
543 -679
870 -446
546 -617
-95 -807
846 180
-887 -633
-539 821
-186 -930
-94 -627
-716 -327
-535 -756
992 843
684 -834
-815 898
-832 -847
-883 753
-126 -107
700 -694
889 -391
181 -296
769 852
446 -20
-28 -621
-252 794
616 847
-588 338
-51 -975
140 947
-311 217
-705 -188
-915 -601
248 567
-950 551
163 365
131 123
839 843
-538 -425
124 282
967 -231
-949 -102
53 -526
-736 -31
-979 -591
-581 781
-343 577
92 907
74 -712
-987 570
380 403
254 -124
-862 -74
952 -719
-332 -594
-553 269
-404 -802
-19 486
29 -85
-210 773
-280 -710
-830 -144
-929 210
-41 -646
-404 373
-333 -519
487 -860
990 -585
90 125
526 -652
-749 57
331 -633
471 389
-748 -55
879 757
179 457
-310 615
789 637
214 -144
153 445
-473 -766
-765 -397
-379 449
-428 14
-713 386
365 674
-919 -455
515 359
390 -581
-750 -181
-448 -531
344 -576
729 527
590 -61
741 -28
29 -733
449 -90
-713 125
-405 -323
890 817
993 440
-208 861
682 372
-995 -738
-667 -472
-465 -189
-811 -186
-516 -779
-705 681
-606 157
-757 -549
348 -789
351 639
-817 -956
804 684
-871 -922
733 446
938 -650
197 452
-558 205
-252 138
312 896
-758 -865
-87 929
-596 -401
-652 721
634 -761
255 -975
-62 -885
814 356
-865 807
-546 -908
-956 911
316 -940
-975 -444
86 75
724 -173
826 201
701 815
303 747
307 -329
-832 -221
-664 827
-166 874
387 540
29 413
713 -542
763 -432
-38 -594
824 -35
945 160
-263 -55
909 25
-755 -538
-428 883
-55 88
618 517
-506 218
114 -519
-385 890
-323 -818
429 -854
-579 464
-923 -32
125 885
-940 -451
558 -971
279 451
-768 803
634 -495
934 -652
639 392
869 -403
-479 472
-768 -634
63 137
285 386
-127 -446
993 -151
-347 -204
415 -944
148 -812
-856 611
854 -644
-226 -725
-391 -774
-634 -108
664 -854
283 -178
-885 241
-207 22
811 272
-874 67
-76 -959
746 -449
-66 -323
374 931
-786 175
906 -374
-694 -375
-661 -712
-788 118
568 953
584 -2
-899 716
315 151
-265 952
21 -670
969 -265
921 631
-923 541
-429 518
-743 157
-975 -573
274 740
258 302
-537 -759
50 -854
-951 549
-50 -911
71 376
674 -436
-533 351
540 -317
-125 780
-767 -313
-41 780
-216 -62
-914 211
-321 -544
401 870
483 -471
-177 -777
-725 -554
-863 -730
-74 671
501 -353
-274 -666
351 659
731 -903
-554 -30
355 232
-300 402
234 -911
737 -377
-718 511
473 763
550 598
719 927
-641 -956
-162 390
-866 -225
441 -540
-3 709
587 -339
-543 -382
-745 884
-155 176
251 47
-927 -481
-239 -932
651 609
900 -399
27 136
825 -285
7 212
-605 639
645 195
228 7
445 -442
156 749
-683 404
422 1000
-309 949
-641 306
-6 342
-628 136
-314 -864
241 -823
572 -123
572 -838
-755 685
925 377
200 636
-760 894
178 -454
-265 -768
-855 -329
-435 -288
681 276
133 -812
-139 -180
-556 106
-336 -451
279 706
-921 985
-353 753
-478 -178
-596 -786
322 406
884 476
-207 975
-762 -801
-525 228
670 -467
-10 944
442 303
-582 -148
807 571
27 802
-301 -639
824 -80
802 -905
502 128
-21 -527
-628 -388
-352 -309
-783 493
-768 145
-296 360
-564 802
-117 -657
-582 -425
756 161
694 342
-325 815
-855 -40
-259 -140
-999 130
545 242
-3 -67
-51 387
888 804
-334 784
-932 -942
-768 -845
-689 -397
286 574
122 25
-298 -303
176 551
91 -557
703 -921
-323 801
-718 508
-734 -898
-649 -440
558 569
143 748
-558 -947
-681 150
-388 -292
-695 -612
-583 771
212 504
177 119
-443 175
301 -199
624 238
-918 299
176 -910
661 -58
-680 695
-699 -612
957 -14
-481 124
650 -738
722 -417
270 -181
-988 -68
886 86
247 142
438 -864
-729 -411
-745 -162
-394 -565
396 -628
133 -442
888 893
-294 -762
-386 469
-566 282
677 662
-838 167
-249 -143
229 504
-961 310
-743 396
-976 87
85 -751
87 158
909 -137
-687 300
556 -118
695 586
326 -794
-914 -355
22 738
468 588
896 -807
-388 -876
-103 270
-141 -596
924 -648
312 -896
707 -354
-396 705
-860 181
-85 -34
-378 123
933 636
-780 -101
563 -159
-134 447
-358 536
-24 628
926 219
-898 182
62 954
-735 -885
619 -734
762 460
37 17
-974 866
273 -239
988 594
539 -963
54 -59
133 -861
-992 -828
127 -497
901 -99
64 -258
238 -461
-34 -232
885 292
591 -152
-377 280
817 539
-837 237
341 814
-134 838
458 -224
584 -339
-610 -972
-341 355
-297 968
-937 -559
-720 302
911 481
753 -422
-509 -642
-328 -946
-421 278
569 -840
901 40
-38 -993
-346 123
-730 -569
-652 -198
-68 502
-307 469
251 532
136 -877
-526 15
421 -352
-874 -506
-303 -420
948 -421
477 186
309 -165
539 -412
-195 548
146 770
-267 -8
-36 354
-803 205
66 257
218 -580
32 840
-853 -998
224 540
-414 -833
-694 -76
-137 -850
421 -669
-509 311
206 -213
-455 827
-113 124
340 -637
-518 -316
964 -726
266 -405
-798 -303
970 -397
-130 -751
146 555
362 752
206 -682
811 265
-746 882
756 -4
-281 447
-280 379
811 -441
918 981
-943 -472
-450 -980
-172 252
-785 -692
-337 -566
-730 459
165 435
466 133
287 244
652 -462
476 -73
120 -606
366 -113
-395 -263
486 264
577 -887
161 466
-721 187
-800 479
265 809
-423 -319
584 -265
-26 354
745 -379
231 -832
838 410
241 85
98 246
650 882
-393 -532
-772 -332
854 -171
-320 597
142 878
413 -160
36 -112
5 -298
327 -815
553 -755
-208 172
-875 326
130 320
58 -961
198 517
24 -287
-497 280
54 -667
-740 848
-444 -444
421 201
752 52
995 -611
976 -397
805 56
19 -718
15 929
167 -267
578 178
-648 303
-639 886
102 283
568 326
379 -677
-288 -127
-571 828
-696 -752
-772 938
205 -88
579 792
327 30
248 -73
-417 -252
-731 -224
952 -283
343 979
-264 -228
-879 -811
742 -530
258 983
733 -361
-410 449
290 -345
201 59
866 -830
383 -250
162 724
-640 246
-319 -709
787 229
-800 -264
-488 -444
-132 -806
-772 993
-965 499
-737 773
436 248
-899 -743
869 853
22 259
426 542
-815 238
461 844
-364 288
256 -686
-931 -479
-342 -730
300 -897
-779 403
-391 -569
-869 143
-103 134
-576 265
272 919
-611 419
-909 306
-886 -350
163 -270
-771 773
-251 426
679 -904
838 132
-505 -684
-3 -906
802 -732
117 185
-92 -281
-84 -825
-142 514
786 169
-790 -896
-923 -975
685 -27
-429 -439
284 286
471 325
413 147
894 -862
827 -226
490 228
-263 462
-690 805
108 349
633 -774
-411 66
-101 689
-191 580
-740 -972
298 108
-703 -596
-425 -147
893 -424
579 322
-684 324
648 474
-33 -435
314 686
661 112
184 -532
833 -138
654 981
-95 730
308 -791
-545 728
556 617
-242 -728
-912 336
596 606
-322 408
814 -543
-350 -85
-677 -511
815 -508
55 569
590 269
350 368
784 -414
-104 887
-574 803
-617 663
893 -7
-844 -948
-54 -580
-4 -219
-780 966
804 -734
744 -176
338 -697
-634 826
-841 -438
-609 -522
228 -64
225 -170
-366 346
-74 -240
821 814
312 -464
-991 -526
626 -322
738 375
372 465
113 946
-999 189
-805 -210
737 -320
-809 -18
-120 658
2 291
-938 153
787 715
195 575
952 -212
-987 260
-886 -904
-160 518
372 383
588 -307
-514 -951
-94 689
338 -524
911 888
-185 -232
311 20
929 -354
340 416
-27 513
-107 736
614 482
-483 853
238 -290
-807 -633
514 303
827 -73
555 478
818 518
-797 -184
506 -746
623 -563
193 -471
-60 -794
810 -219
933 -894
387 -22
388 -786
850 657
624 -316
-425 -929
-722 973
-503 -472
-542 -831
-463 -227
-157 412
-233 -409
-922 -594
153 -822
-516 180
-128 850
841 298
632 -778
797 345
198 -128
-266 968
-957 360
-668 -191
-672 17
-753 -547
908 901
-883 -424
-599 -945
992 -691
995 893
912 -969
-647 944
-15 -419
624 640
699 -201
111 -56
502 -239
301 -192
413 -927
-251 788
535 588
567 673
-922 -248
892 439
298 -936
581 706
-551 -881
886 -873
-22 211
419 -17
-353 -957
493 102
320 156
570 -816
582 155
-312 -489
-365 -976
575 -491
-621 -174
277 -545
-489 253
-290 716
772 569
-650 -58
352 108
765 902
-106 53
85 -21
475 -181
-291 954
-991 900
-381 787
-358 323
-979 612
135 778
494 -735
-845 -30
-56 -685
968 391
-181 -649
-205 613
-410 -721
-4 -864
-169 -838
-716 -137
-315 -601
382 -287
905 403
-814 -498
715 -552
-902 497
-56 983
-918 -697
-311 -209
922 358
-384 -926
-241 -849
737 -898
-879 -331
529 861
666 -209
-194 -340
214 615
159 -872
760 605
301 319
730 -106
915 986
328 -950
-331 -353
784 226
-619 374
564 802
-792 835
378 -825
-731 376
-353 159
320 242
208 413
-896 -219
669 580
204 -292
760 877
281 405
369 -126
942 765
-634 38
-619 -113
-689 467
-836 807
-721 906
-750 452
-297 13
-881 775
-593 -947
-904 766
-465 694
39 -536
154 -364
-887 4
-752 -254
522 -702
-52 -277
-929 -619
867 559
946 -284
628 382
-704 755
188 -966
-23 -234
-121 523
604 273
-188 -606
549 -195
-155 134
889 149
-271 -991
-925 -230
735 -932
521 -1
-289 -841
502 -859
422 -8
-839 735
450 -488
-506 383
-72 -413
171 -781
-248 892
168 146
-903 -655
857 -780
957 -727
463 -408
-378 -562
357 -153
-819 470
321 449
665 865
254 -1
-473 63
624 -202
658 -949
-202 -533
-932 476
-904 -555
-636 -877
-908 -768
655 75
773 -515
-49 559
-569 -24
-417 -204
466 360
247 870
65 307
-677 -74
444 -558
-60 900
457 214
-661 -897
777 745
-759 594
516 -843
-952 -824
-683 63
370 406
177 346
775 928
357 -342
-234 333
897 -468
-293 -152
-418 53
-287 -490
-334 -150
716 -515
25 -593
-565 545
810 -333
-768 458
804 -745
413 382
-623 -901
30 425
615 -570
-846 546
-342 -168
920 964
219 765
945 -258
1000 -376
-521 -729
870 153
-767 931
-235 -924
-238 -676
-152 -567
873 -488
380 244
427 811
-913 -559
279 -94
560 13
-834 332
-783 -71
706 379
-940 503
29 744
668 944
240 327
169 489
857 -316
-923 656
679 -836
-673 -644
-971 595
239 -331
481 3
223 168
587 -721
634 -940
402 -413
307 -120
421 -286
843 820
469 -844
-304 802
449 653
0 815
-681 -369
-372 774
667 762
75 -454
129 -489
615 913
-704 210
410 730
538 -743
-28 -493
-370 -584
908 -919
-201 -338
955 34
371 656
-448 -281
282 375
-61 4
883 -21
894 396
-254 850
-108 992
-48 381
973 571
55 605
419 -275
247 764
266 -620
-649 370
202 306
243 516
718 -581
-683 774
600 468
221 301
-707 635
-652 541
373 -72
204 426
-978 -802
-88 -765
4 129
-822 -526
-341 817
-614 -784
-576 945
-470 832
836 687
6 307
-370 -816
72 -860
374 -431
-873 559
156 378
-88 -205
-947 980
-844 -516
3 -315
172 78
-80 -129
731 -91
231 108
571 330
509 523
191 567
-460 501
800 -85
-6 113
-107 -116
593 -254
-781 -198
556 -701
390 876
-368 -451
63 -424
573 -573
118 -565
0 -31
265 -997
-110 -518
-378 -792
-636 920
-1000 824
-317 335
705 -832
414 -820
-222 -314
-954 -743
-470 678
680 -946
325 -199
-370 -393
539 -639
-81 218
642 41
-667 966
130 335
128 37
-923 -495
-857 254
-843 918
-16 -258
677 807
767 -979
634 397
461 355
-579 -331
-770 860
551 215
441 -356
737 889
-794 -87
-776 335
927 864
-892 105
-750 163
-822 102
870 1000
808 -127
687 -532
-136 -656
4 819
794 -961
-332 262
-233 673
-47 18
-881 198
971 961
-864 892
456 905
144 -671
-99 -276
96 -440
701 -922
839 160
836 859
75 769
200 21
477 460
13 -731
60 104
993 30
-261 472
-992 265
-217 -339
-163 373
-497 -984
-518 643
596 -315
-426 -606
-659 899
128 752
227 -274
652 -519
377 -772
479 -474
450 68
153 -161
-646 797
315 327
468 920
-899 544
-668 354
974 -238
957 -835
102 -41
54 -880
-219 -850
775 -897
-927 -115
737 527
121 770
-768 -498
-459 534
-439 510
981 -590
120 4
-903 213
786 503
-300 96
493 -697
-260 290
-228 761
687 555
-861 133
81 631
-759 118
-427 947
872 -405
872 -198
-213 22
-524 -336
785 662
-92 -719
-429 -272
-918 166
-424 497
966 831
-978 -80
323 -248
-8 735
469 -514
951 -726
-953 -359
-451 795
332 27
-914 -178
116 -707
-778 -723
-201 -941
-407 -21
-422 40
-280 839
-591 900
-249 624
-849 435
542 471
-66 -861
983 -825
509 -104
530 -701
-541 272
-683 -927
511 726
-826 -194
511 306
-891 -750
-837 -993
-639 811
398 -347
297 -678
831 955
-463 -228
-454 -625
598 131
-179 460
-366 185
-512 -892
832 627
438 -299
935 347
-483 -249
-396 -558
399 -926
-239 -765
-863 403
410 623
755 290
586 658
-296 805
143 -308
-126 404
472 -405
791 528
-826 -728
-479 17
749 -528
-76 633
-181 -622
-585 2
415 442
86 751
293 364
9 -121
-803 -160
20 -379
332 792
-564 -83
-826 -289
683 716
-60 247
-9 139
-883 912
918 353
223 403
322 -365
130 -795
-106 -809
-540 -703
-889 -536
-209 -725
38 820
129 -608
140 640
127 121
-327 -992
825 866
862 -847
-584 931
-619 -824
403 214
508 867
985 85
-312 -923
-711 -912
-370 -630
-434 10
-578 -725
-393 8
-688 -161
-838 568
588 -1000
959 771
-543 556
22 -361
222 744
916 500
-736 2
-329 793
47 77
-543 -158
73 -286
841 934
-71 600
-252 768
-816 -600
354 -487
740 180
86 -615
-706 74
-625 -444
-748 82
412 45
965 -929
489 -209
865 736
643 -216
-480 -658
491 602
-982 173
-638 -154
521 -862
-232 515
880 -181
-361 -911
-707 54
-454 272
-115 -18
-994 -330
744 -123
969 470
814 -514
-589 -634
452 -238
-103 -188
-116 497
-620 -511
-496 -646
-425 157
-898 -623
450 704
-28 -819
-570 -413
910 673
-499 -504
-583 422
-770 783
-443 -624
-545 720
-663 -610
469 -653
367 -761
-722 -733
-363 -620
888 -192
-168 312
-832 568
943 -152
667 924
305 12
116 -10
497 837
-161 -798
386 -190
-894 -223
-838 284
-644 936
579 661
-465 129
129 -843
506 -326
54 227
813 -408
-537 -135
120 -472
94 617
-288 -839
-998 -55
252 333
-431 -495
-185 -38
-800 197
279 -41
-774 291
-723 485
-317 -506
-854 101
-685 722
455 -213
-958 927
445 -697
-788 738
731 -270
139 306
-312 -859
655 -404
958 -397
-853 -309
891 -448
549 697
818 432
-444 856
-404 693
-334 -822
319 -650
528 -156
-745 706
-66 -413
-502 -859
-757 847
930 -472
145 270
56 -889
146 108
82 -372
-310 470
-921 -322
-684 -127
645 633
389 125
-47 525
-911 -684
-658 253
-523 -48
-51 -106
518 -228
453 432
-45 -16
505 -363
93 -828
994 -234
-97 984
937 -509
-224 541
876 695
412 293
401 441
-234 693
-709 -184
727 -646
-878 995
945 943
774 -836
220 786
-371 936
-382 -893
333 -759
-799 -391
594 933
877 237
879 377
-361 809
-99 136
651 122
414 -59
351 967
849 -281
376 638
-478 -358
34 -895
-109 123
883 -756
-660 -351
-945 -380
348 360
-485 931
817 -817
-179 -136
603 322
-370 744
147 -518
906 301
-896 235
-8 286
-805 84
-639 80
953 842
-795 -684
354 -649
644 -10
283 -49
-223 139
-238 897
-904 917
-190 -116
-456 691
545 168
188 -921
-99 -546
-332 263
-277 -28
892 -491
-498 -64
-644 -521
452 667
-249 -595
667 815
231 -816
-644 -480
-404 197
796 -66
-600 -307
285 44
-159 652
-398 -326
-427 811
-868 562
855 583
-410 624
468 -134
685 -951
970 -498
779 -629
-982 -704
-773 -631
135 70
-924 20
-247 -863
-251 -976
875 -161
-159 540
479 -992
992 -156
-486 -164
-487 -667
-248 -773
-979 951
371 -586
-375 72
-853 132
341 -710
-985 267
167 700
-40 -989
-723 -425
-95 -371
-893 161
596 934
312 -397
807 -337
810 -707
303 -916
-377 593
-443 -572
991 682
903 868
-356 -622
869 697
170 -744
-801 -886
-446 694
60 -864
769 -998
997 101
626 889
-8 -596
134 -62
-464 -396
-862 -630
-586 957
-456 -587
53 -515
623 -237
951 -560
-196 164
-325 -387
-592 -91
-293 -381
665 312
5 628
-173 939
97 480
-767 309
-584 -403
-879 140
-867 202
-541 -184
986 547
-764 -851
-415 -266
-164 439
783 548
986 -841
811 903
-737 916
-846 60
466 631
977 180
129 307
497 -462
243 50
731 -818
126 931
385 -451
107 142
978 -626
-473 -333
-320 475
781 -378
453 839
316 -59
-482 -973
-140 977
184 307
115 914
450 670
-155 -549
-649 231
-885 -364
543 944
424 -319
-109 272
-645 -891
947 -470
-108 -704
-995 -139
27 724
59 -6
671 856
-629 -42
-901 -908
837 -155
-458 301
304 -455
-415 504
705 -594
863 973
-994 332
-306 -750
-415 49
699 -46
-780 -730
-298 588
-713 477
999 -584
177 -117
344 477
-759 -319
285 958
-861 381
934 711
439 -431
435 256
-496 -974
-896 52
119 311
512 664
-251 -600
-676 -427
887 100
-337 -8
85 615
963 442
935 -838
-216 543
170 -696
-627 724
247 -863
-805 -616
-875 -320
6 475
-55 -132
941 32
147 141
-568 -674
749 764
-159 675
-42 -149
727 -520
-855 -30
-574 641
774 536
-272 -367
875 148
-750 -566
322 -712
-314 518
552 -145
665 -875
762 677
-647 -180
-687 -204
72 -939
-513 481
-943 27
-270 340
-726 -400
154 -932
-545 526
-729 92
244 520
475 18
-415 -518
879 -902
-640 190
-613 976
609 202
-381 -577
116 739
-939 -190
85 -821
707 218
218 532
-669 258
522 398
-342 434
-827 696
-317 321
-448 633
377 -179
379 807
979 -927
719 -124
283 -215
585 -234
-910 -935
32 -278
-813 160
329 410
165 811
-388 -25
912 509
-520 -970
-326 -659
193 277
875 -212
343 533
506 -41
323 -839
172 214
537 46
308 -269
-973 390
-959 -67
963 241
783 -856
-965 -90
-838 192
214 356
485 272
-358 293
-957 -751
-35 955
830 -976
-714 434
-901 588
469 -92
339 337
354 519
759 -687
-76 -819
-388 937
-768 -836
314 580
-938 883
-946 -666
-967 -988
985 -507
698 683
-350 -190
688 -923
8 489
-172 407
29 -201
-13 270
-365 -129
475 954
-378 240
-271 -72
-29 -568
187 359
95 -847
-73 915
-882 108
-944 -5
-970 369
799 569
902 10
-418 184
-280 713
724 -587
-19 -515
907 -287
-811 -979
594 -240
571 -317
279 455
463 349
-860 221
58 238
613 99
-178 15
858 649
893 615
-372 238
481 955
140 152
439 289
60 351
785 260
-692 426
-853 984
53 -257
-977 196
-108 -983
68 -720
-46 896
120 -448
-109 -555
571 -156
-126 -515
-708 -286
-38 930
-133 544
89 -362
-727 805
-994 -185
-697 974
0 -326
-320 -649
-942 372
-260 963
880 -995
-628 724
-448 419
343 290
477 -165
782 754
-169 -718
-866 713
522 60
855 273
563 -677
288 831
936 906
687 843
-988 549
-695 605
-869 -494
977 -859
-960 -414
787 -669
219 283
-548 721
-563 -243
918 -995
-421 963
712 -332
674 423
-839 -78
-471 106
786 649
88 -381
-827 -430
927 -662
314 346
322 -330
-129 -997
162 936
141 -509
-902 561
-624 -691
-987 -587
-433 806
817 -908
-569 -84
-102 487
-19 527
84 -382
954 -643
-910 -343
715 176
-601 569
862 469
643 261
845 -386
-697 206
462 -569
930 -648
-725 401
398 -657
352 987
615 -81
-997 842
-205 -793
531 190
-67 -138
-670 325
-640 930
694 517
218 584
257 145
402 -946
612 -149
-198 313
-881 -694
944 -342
-836 -246
117 670
979 -254
879 695
408 -604
-752 965
-474 500
84 498
673 601
-972 110
-988 857
-828 -586
-745 1000
-831 14
18 -512
-948 104
692 -114
-570 371
729 -301
892 -854
697 538
-710 -6
-420 508
78 628
-568 -84
-904 -80
-949 775
-268 6
-105 870
375 -97
-122 656
-960 -696
-275 -590
601 423
707 -502
-615 395
-405 -371
757 385
-345 -252
-897 -274
-875 -234
219 827
498 -249
142 783
797 912
-85 857
39 453
-282 817
847 -972
-271 608
-199 832
-461 422
974 -727
986 -226
-757 -401
-594 428
-214 -163
944 -905
164 984
517 287
-214 -311
202 606
889 998
586 792
787 -903
-886 -775
857 521
378 497
-998 325
341 -351
831 -630
347 -227
-968 609
-416 516
281 349
-670 7
116 294
868 -182
-286 422
-673 718
-296 -398
-930 780
431 900
-477 -840
-902 -141
-905 -810
475 101
-794 97
466 585
396 -901
-241 47
-707 404
-715 547
289 119
338 240
434 -176
348 -739
244 741
807 -897
948 570
143 -265
767 -112
-97 -408
-489 191
-532 588
378 -104
-758 -334
-182 751
175 -718
326 920
-277 603
-483 289
-697 -230
121 566
-636 804
533 985
-449 -266
-609 724
504 178
-507 -110
879 -142
145 182
936 710
-676 638
217 -210
336 -775
-155 372
294 31
-345 -39
836 -816
-990 -794
-810 551
179 599
711 -937
22 -997
-497 824
875 -859
652 -599
684 -582
14 812
-198 956
-128 277
-318 761
353 -284
740 198
-5 232
-452 -39
-712 820
214 179
-351 -534
988 745
131 759
-141 -20
72 -809
-856 350
-504 -981
774 -992
-820 -846
910 -932
222 -49
161 -333
-917 404
-631 -967
-442 831
-33 -165
606 -773
-409 602
286 -84
343 -251
-887 -545
94 -907
-163 110
-660 -357
-541 -419
421 -374
693 -496
623 136
789 -103
-226 76
944 -23
-697 183
-309 90
496 972
-302 321
398 -870
846 627
-259 -232
441 305
15 894
698 -473
32 128
-598 397
-270 -353
-582 491
73 -651
394 577
831 -186
409 -141
591 -71
-247 -562
-662 37
-737 -586
-713 -932
-508 805
-931 646
768 -300
181 -766
-545 391
885 751
-547 188
656 -562
579 622
407 -770
-704 -817
435 -789
-915 -213
774 -351
-718 799
988 534
363 -141
646 534
190 160
-251 653
-579 -827
-437 -883
866 109
-935 365
6 -578
-832 -332
248 585
-283 847
8 330
337 2
53 13
-380 -154
-928 813
187 588
-293 11
64 142
-219 993
682 -234
480 701
-158 905
-293 736
315 -925
56 -323
490 -751
296 -278
-759 -889
-5 -501
262 -78
566 -285
225 -149
-753 535
784 369
318 101
-282 -372
717 263
-580 -291
-849 -453
615 -638
215 193
-164 852
934 384
496 32
-865 -890
111 -4
-393 -150
370 89
749 -501
426 -412
265 -710
-664 -864
881 -73
-845 -87
-953 -710
516 944
400 -525
-117 759
598 -814
782 -434
-420 -143
597 1000
-329 -652
-663 -640
931 622
688 -255
160 -590
408 -940
995 200
15 -467
252 190
-405 -501
-116 870
-66 -644
-1 415
522 -669
294 -727
-588 -779
465 282
-72 798
824 -298
-497 127
896 878
-321 -479
-972 -287
444 819
-340 548
126 -800
-585 -479
308 -596
283 -386
997 -167
-459 138
-792 15
-468 -128
-584 731
224 -671
648 631
790 -876
117 -58
957 62
404 839
-546 739
-683 -169
370 630
-939 32
420 -547
959 480
180 417
547 -694
414 834
140 23
-375 -668
78 584
-187 186
48 -316
-418 97
863 126
-567 795
533 -76
-157 -163
-230 115
70 554
-37 754
-797 224
-386 -478
-167 -37
-63 -858
180 872
-5 713
-676 -823
-809 174
147 -46
762 -581
280 -452
-380 924
-507 -186
-540 818
-822 489
-588 -304
581 270
249 -319
427 253
-341 146
-316 457
-291 880
-183 622
917 -367
-977 558
875 -551
637 -517
876 -955
487 298
229 392
834 -967
-221 237
-106 -931
-332 -881
-276 939
830 975
873 194
521 -705
780 700
-484 -384
-745 709
-288 -518
-176 937
16 449
-643 -167
424 262
-118 -154
-108 -69
166 -837
451 -857
592 -61
-636 -999
236 -452
-380 715
184 336
802 750
769 -693
578 -291
367 331
-140 301
93 458
-569 -902
-535 -22
-135 620
-714 -377
57 -715
479 319
-194 377
992 -385
422 -792
853 584
-631 -515
-458 781
113 -28
235 -729
-636 -882
616 144
635 220
-17 428
658 -142
966 -441
-107 -796
105 671
-649 511
-177 887
-908 975
-299 -786
-894 -144
431 -612
192 721
35 -839
709 906
62 -92
-917 172
-120 -569
-522 -242
-551 -985
108 -473
-723 -693
-304 -443
902 694
-782 433
712 -541
-358 -684
333 834
-146 154
907 243
-421 315
995 -270
444 -717
42 -882
288 511
-935 491
-902 879
620 994
60 525
628 -260
-615 738
-152 331
274 -905
974 -833
1 2
-775 -99
318 -758
-486 915
502 330
628 -28
-535 -73
19 -125
-696 952
-941 98
-738 -585
383 702
-229 760
-421 -281
-75 -584
589 674
-929 655
-460 153
-991 120
706 403
-169 -601
-521 27
458 143
-364 -143
-398 828
-455 -477
341 611
-576 -969
292 436
482 -887
-888 -356
20 497
781 -363
934 400
-459 -228
-907 -991
778 -668
-492 110
-3 -417
-695 -262
-88 307
-387 760
58 -848
700 859
680 818
688 -194
182 186
-195 -609
558 460
-891 -424
57 659
-350 -512
72 651
-674 851
471 329
-586 -22
-319 766
-461 -466
-299 -965
-884 -823
-413 -730
-722 792
495 979
-88 -141
-909 -853
183 136
-869 461
438 -501
-358 705
640 -752
256 844
-610 947
-770 590
243 -346
-396 209
-375 68
-343 908
-536 219
525 -725
812 -583
-229 -131
637 -286
-487 677
251 840
27 529
-636 -367
-999 990
752 -388
823 -971
-192 -520
-956 44
530 -668
824 320
252 -465
-54 -817
497 -948
-117 -231
491 734
-867 148
881 -145
259 -143
-835 583
-704 600
763 -322
193 509
785 976
-84 -802
965 878
696 890
915 -717
-709 87
742 -328
-1 653
-182 -501
44 -468
639 -891
-432 -241
298 14
-419 -553
250 -694
539 -508
352 458
666 -18
-593 633
-436 -56
639 394
607 795
826 -190
-471 634
-100 -57
-211 -591
-983 628
72 313
945 104
-74 113
-817 954
548 -229
-575 125
61 -697
-345 -521
908 -35
-697 950
-920 628
-516 -382
-3 349
55 723
357 56
626 177
-924 814
-772 177
256 -967
-372 -473
167 574
-504 600
221 480
-218 831
-293 -998
-282 147
887 -521
473 614
77 672
742 -91
-148 205
-664 -433
130 -214
951 -536
-245 577
81 -963
-600 -958
-159 913
450 457
-994 -157
179 10
-992 852
855 -579
655 404
229 -185
82 -539
-261 329
-472 16
982 234
-364 -287
-107 311
-264 814
-68 316
782 -592
-959 -118
-433 922
295 -282
833 -826
701 15
422 -46
326 -212
-676 83
356 815
-899 388
-70 -826
-825 70
649 449
940 294
-687 -569
-457 -825
213 199
616 -49
280 -367
965 -380
-62 741
244 788
246 546
661 358
100 329
751 -756
-988 -121
-196 -478
-815 132
-641 843
-747 945
100 -762
99 118
-390 86
-60 -195
-343 -273
-116 706
750 356
-726 470
543 475
718 961
512 -394
618 967
-837 -922
-45 831
-792 655
246 -167
-11 559
841 796
-719 -337
-287 81
-281 506
-81 -898
-449 -183
-241 226
768 -439
551 712
-60 278
-823 502
298 -626
-552 -414
-201 -63
-669 -662
978 -491
-797 -274
-196 -260
919 944
-240 -903
287 -676
982 46
902 237
384 -283
-8 808
-421 913
64 -554
-818 409
-455 847
-933 -430
-57 -655
-476 279
-613 -670
-5 -23
-667 -968
530 852
-652 -947
981 -870
575 -956
-410 201
700 -395
-518 -488
-918 830
-603 176
434 -394
575 538
973 890
773 630
323 612
-828 45
-404 -423
-33 345
-674 -501
383 -54
58 -156
19 -481
696 224
96 -452
-554 32
-494 -236
-356 -921
-638 -539
747 416
-86 -259
-794 288
-203 782
-299 833
-105 -362
-245 -129
-175 -351
-385 670
-184 852
-332 780
481 382
-73 -129
-499 9
362 -920
-229 -222
-954 875
-487 -247
756 -889
-391 -591
-834 910
725 -826
183 -429
46 921
-987 558
-938 124
183 411
68 819
541 389
-715 -333
-770 488
-123 756
-878 -140
157 -391
279 740
-2 627
-390 65
-226 -1
872 -409
-947 557
981 -984
-67 -829
120 -490
173 -362
916 -166
231 -571
177 -516
998 -446
112 19
-862 -106
-124 296
658 -527
-224 412
748 909
689 24
-167 -192
484 -351
458 -128
75 511
-908 338
459 -366
720 -398
-96 -731
-956 -381
-989 450
-494 -569
-879 478
-318 502
-976 -523
19 17
-65 936
791 968
-426 161
-779 -253
546 -648
260 -828
-971 -753
-84 969
823 -916
420 773
759 -389
-475 872
189 774
613 -543
-906 -783
743 -932
69 -687
-926 -234
78 -375
595 -568
325 -46
-587 -655
-749 -651
-256 -73
637 -579
400 -971
-758 941
-622 -13
103 162
-700 -586
-848 -362
937 -822
733 -596
158 905
282 -969
-868 1
599 553
454 987
-309 941
-189 -233
-637 733
-741 -870
-337 156
-987 -200
-56 933
-338 -786
-26 -857
-689 937
548 332
785 31
240 -725
-652 830
968 -812
-270 998
-881 -334
-741 -605
-622 894
-625 -669
931 738
209 -561
50 -26
-955 214
-913 -67
730 -760
-979 217
-79 337
-811 -548
-774 -15
547 108
-389 -248
-674 -166
33 19
-579 -251
-73 -751
134 509
451 19
262 980
304 -459
-756 -712
-183 280
413 237
146 -512
168 382
169 -859
134 321
81 267
-62 952
-841 899
-451 -943
-742 494
-162 -453
245 -768
662 -441
-170 -669
380 -14
-441 855
-325 -990
-459 519
989 -625
-848 -206
-80 -632
-73 -745
-222 578
-410 -365
-898 468
-859 -192
965 -988
-465 -457
848 629
739 -212
-847 -573
-229 -932
469 517
-821 361
-753 496
-976 -423
982 -15
460 -642
-763 -712
-464 -36
861 -195
252 235
579 295
-894 458
499 998
705 988
-225 947
475 754
176 -103
539 389
-144 -266
598 -559
-328 -883
766 339
36 727
558 196
764 -318
-75 680
-583 29
-690 118
-747 -550
370 337
204 -392
-902 -181
-277 332
-74 353
-765 -925
-816 -664
-334 973
-991 305
163 672
60 -742
-642 -480
-524 -578
892 -220
434 -210
858 665
470 849
667 -660
-270 418
-858 -657
-732 209
-784 940
-673 873
-907 -746
496 -880
-776 427
-122 -435
-836 -863
242 90
313 704
-128 739
442 -197
612 -945
-44 888
-627 626
-373 825
520 -133
379 486
-78 -517
-753 -729
511 -22
-360 916
479 196
-27 -940
-591 -168
444 865
-36 -945
-979 -723
-359 127
-73 -71
835 -511
43 -161
-658 -561
-341 410
208 270
-695 506
831 -779
-173 -578
923 361
-776 881
804 702
582 -748
-895 432
-811 -102
-688 -778
828 991
715 379
120 -451
462 119
811 316
987 813
-348 -100
-915 -297
869 515
260 -820
-465 107
59 538
-453 -172
577 341
272 440
416 -774
-404 907
-259 -859
-40 427
54 708
898 -14
-26 735
256 -884
-521 15
-833 -469
955 -113
-453 504
-807 907
562 -427
278 75
615 -345
185 78
754 405
452 763
-755 257
-26 21
739 -343
126 109
-740 15
-779 -710
-926 189
715 -15
-223 971
345 -876
990 -332
719 -648
-310 62
420 -704
-741 966
281 -858
775 -186
853 -472
924 150
-930 488
-448 -958
-216 -799
998 191
741 927
209 93
-983 107
81 159
-254 -601
300 653
763 -584
-130 882
605 757
282 -904
585 566
-190 -613
-514 -566
-534 -890
75 878
-103 492
-297 -252
595 -709
-505 608
-326 -133
-53 241
523 159
-133 -742
455 -491
994 -526
-512 -776
314 -659
-961 -446
-451 727
925 495
759 -372
-307 -138
1000 -415
64 -996
298 -528
954 -404
-990 -896
964 954
-978 -294
11 657
768 -384
-964 -940
674 433
921 -970
-772 432
-622 -454
-747 -793
-267 -508
879 -735
-42 -519
-182 96
-9 -974
903 -559
-932 -812
-380 -7
-702 -247
606 -575
-429 785
851 -226
-852 523
120 758
-648 946
388 -678
-554 -344
718 572
309 -774
-813 -17
867 235
975 -593
-10 -365
996 -301
-413 -324
277 -907
113 -771
404 532
75 4
-322 181
-622 -340
399 301
2 -172
558 -355
-5 -602
-363 -117
462 -914
147 -356
727 -264
96 920
275 -173
-274 -429
-521 -460
-107 817
163 782
-329 243
891 879
417 -476
636 -863
-552 10
645 76
-431 427
749 409
-541 -142
439 987
379 444
441 600
-82 250
791 980
325 417
338 -665
-446 255
631 -167
-126 -907
675 -387
103 -697
162 74
821 523
-536 -997
366 3
-700 5
236 -341
-538 -330
-144 649
506 -515
-201 169
-888 722
-564 -481
-895 -405
181 442
660 -101
760 691
-424 3
558 538
-563 340
-962 230
-992 310
-916 -96
-423 -834
-272 -351
-266 361
-451 430
248 805
-121 690
390 -628
-679 342
56 -588
54 894
439 -482
-672 519
-785 591
-555 530
-408 877
-414 467
-336 832
-540 -243
727 -1000
-120 86
323 339
-160 -288
777 -39
-733 114
-906 691
209 -207
-556 -689
442 301
738 -955
-74 477
-388 382
317 -551
295 -768
549 534
-92 -619
266 -186
-845 87
-787 7
-791 408
-218 140
774 -668
-457 434
349 347
-59 -432
-459 -773
-111 -9
-784 -924
-940 -536
-461 -95
-965 -4
860 209
760 -874
-323 573
502 -945
-844 739
618 -842
-715 -344
906 677
-12 -975
929 -382
270 42
40 -562
317 892
-903 -803
-356 -442
795 471
500 56
-914 -55
302 -510
458 846
804 -757
406 -599
-987 -843
-798 670
299 124
811 -360
-583 -939
759 -773
445 -931
339 388
999 -445
-69 -719
877 -120
958 -776
166 -341
21 -169
192 -444
417 443
981 634
-557 6
-63 396
-55 -910
-838 -797
627 -960
-804 -514
-440 313
361 438
-870 863
-163 -268
-972 226
573 -353
501 927
322 -695
-908 -35
670 -318
-722 -908
-279 -775
-275 -603
606 -912
206 968
-193 78
-192 -810
422 458
556 73
457 433
-512 -535
-91 -832
-389 481
87 186
-66 -488
-529 -855
10 -670
-57 -40
727 -548
733 -160
539 115
292 454
867 878
630 320
162 900
-147 439
-668 759
-184 -375
-538 -161
-826 728
169 -171
-925 -605
294 -165
136 -337
342 -193
138 -133
-773 -846
-537 850
-869 -525
816 626
-198 -175
-103 970
-378 719
970 -589
800 806
247 753
-973 -425
985 -404
-422 -586
-327 241
-99 832
-356 577
925 -109
963 669
-48 585
444 54
-311 -318
-546 406
-943 840
692 946
671 -58
-933 144
564 789
-594 -495
-599 53
-15 749
-849 280
181 -303
208 -719
-983 -553
27 468
-679 118
80 -268
-285 208
-747 -515
-884 145
540 976
-630 378
707 -601
418 -520
76 -701
-284 -403
-188 -924
25 357
181 -431
753 -599
41 703
-616 -919
-949 -777
-157 757
935 594
299 715
-483 -335
-449 601
-200 208
-645 340
-276 -865
-865 -776
-736 -893
-76 -95
135 465
201 -795
-716 463
120 -710
500 147
-141 598
-895 -213
863 758
454 862
132 -329
356 -324
579 601
813 -924
361 -399
186 -800
644 -874
47 -520
-284 -217
539 311
248 271
-12 553
-84 539
127 -628
-359 -528
845 -47
-422 -261
419 327
-620 -205
-693 -971
470 -354
-470 718
-296 651
-90 -448
-491 -172
-996 -195
-22 669
-554 -603
-803 -487
-363 890
559 -487
-209 322
-903 -549
-548 709
-527 -241
-602 982
414 -646
331 155
-666 -428
491 926
794 157
-592 847
466 -891
194 86
985 -219
844 -676
-156 -134
961 52
940 -902
-686 600
936 -631
-392 503
-159 -505
-898 887
-986 551
-937 -972
-93 121
-844 -469
73 720
575 63
937 -967
650 579
-955 -663
-878 95
741 -735
-395 19
677 -745
34 563
-596 848
570 -990
842 -663
661 267
450 945
604 -828
-955 -215
506 839
-1000 255
-265 142
826 902
545 157
-138 -889
-662 -736
555 -878
764 -954
262 806
-488 -984
421 -692
-614 368
-965 990
-372 214
316 -945
498 -226
697 -870
-715 -368
-258 410
663 -608
-819 -135
104 -991
-246 585
637 -823
783 -905
511 219
107 -963
-772 621
846 999
496 -776
-362 -69
112 -366
-924 216
157 -578
-438 -378
292 -449
912 267
-218 -328
-723 -443
-260 476
-608 -619
-723 -898
469 686
-669 -900
252 -439
395 217
598 188
4 900
-474 -53
575 951
-641 32
-517 810
-667 -496
873 359
883 763
-572 16
-95 303
-354 -808
-332 902
-354 -583
582 316
-595 995
851 491
12 81
778 -405
-54 -841
-794 421
-330 -748
634 411
-972 -445
-953 860
-557 -949
302 -116
-926 -402
-934 269
-599 -119
764 -226
537 735
-562 720
958 395
-663 717
-330 498
-24 730
371 751
-216 794
-502 -612
-630 668
561 -394
-219 415
-945 125
888 -819
910 496
-188 -289
242 685
585 -990
-179 158
-578 -545
435 -37
-88 111
-798 -998
83 255
162 30
-219 938
-616 928
-80 87
812 -807
-171 -896
668 -496
200 939
236 -424
-98 -169
462 247
-920 -819
-125 870
737 -686
644 -329
622 333
-40 638
784 -870
903 -638
-895 674
659 308
-843 626
37 -988
-471 643
856 -304
-793 -475
692 654
-608 249
404 -839
-720 -940
544 580
-24 217
-11 250
-615 724
229 29
-101 -131
796 906
536 612
368 -377
304 -404
-417 -822
412 245
696 -365
510 565
733 610
725 987
-213 -426
-721 -261
-49 150
-322 600
-990 -176
-768 670
-866 726
26 -935
93 -135
-215 -993
-788 112
-912 -581
878 366
-290 -124
-869 -913
186 -642
593 -30
82 386
-62 -758
92 716
-269 -916
632 -696
-37 504
-891 -704
742 -496
-692 -244
996 -334
-257 -348
-124 -359
-761 91
796 302
525 765
660 -56
-564 651
442 -924
997 -458
-653 351
-721 -301
-383 15
930 990
-784 -246
-49 175
-111 515
379 -692
-119 -842
75 -570
172 809
24 -431
533 940
-803 -315
269 621
807 10
426 986
297 910
527 -840
627 -90
868 384
-747 308
-954 183
416 -153
-146 729
-698 -357
-162 564
835 347
36 101
-859 765
368 -737
-80 34
-959 -18
-435 562
989 883
385 449
356 -247
-215 939
688 979
426 201
959 -248
-593 599
-419 977
-955 821
743 -877
890 257
85 -598
-801 339
62 994
42 326
-321 -169
103 949
-856 332
937 210
664 339
