3367
-221 307
-592 -398
-401 736
241 -891
-147 -141
-72 728
-230 972
-553 -706
653 102
-192 -111
-61 -568
-633 -172
-950 874
-816 -195
-845 46
468 414
-747 -448
-194 286
-160 322
283 811
30 -397
-175 -805
324 -639
-349 -491
-146 189
635 -69
484 149
-596 358
160 95
771 750
-853 288
939 757
683 224
717 827
-488 -363
128 84
-308 73
-569 644
501 -647
-194 80
159 -468
-163 830
823 -904
825 -325
661 189
835 667
-113 -326
-617 937
773 414
617 -189
-764 575
754 371
965 -708
872 323
-273 885
749 479
-639 547
-89 -645
337 -87
-595 -88
298 -699
68 697
-694 923
-37 -363
944 155
139 912
942 27
770 -473
-35 699
137 202
-769 -886
350 -974
2 8
-96 -476
251 -382
632 -867
-253 839
73 -635
-504 -742
-450 -893
-566 -449
-229 -812
-871 296
382 862
689 479
-442 713
259 -90
-187 876
352 -463
686 942
729 98
-990 -95
-223 -501
-38 -118
879 -588
616 417
-832 -546
-647 -132
-742 194
-952 -562
134 -771
-58 47
796 -221
368 796
527 653
-798 429
-787 183
-153 -428
907 872
33 340
-502 569
961 363
-927 -928
822 795
-664 495
87 -59
-6 -27
339 81
250 613
806 147
-182 812
668 -818
-417 -333
254 -156
406 -169
878 -383
199 -94
-152 -791
711 179
516 608
795 -598
877 641
-301 581
494 -936
-712 569
211 -924
-529 -133
-672 -429
242 -773
887 111
-808 -193
-410 265
26 199
-114 75
141 225
239 98
-932 365
583 -78
-627 898
-231 -292
60 957
590 17
-571 8
557 481
-860 -471
-462 -26
346 -875
844 -115
945 -848
695 920
-840 574
-352 -177
392 763
458 -352
863 -823
505 273
350 -687
499 981
-295 813
-290 -566
236 -332
523 451
148 946
425 19
-876 52
-572 -530
-39 427
-226 453
355 675
-494 722
-274 -456
457 947
807 638
753 -278
935 -450
170 671
216 860
-290 888
30 448
156 -792
327 897
704 107
-411 747
-716 0
706 957
235 -235
-577 -972
424 959
74 635
-66 646
-35 -785
132 621
697 781
767 -887
75 572
774 564
231 -46
440 138
-351 -977
-363 315
468 718
597 147
629 -921
-4 952
-248 -78
626 -481
-959 -453
30 -211
-261 777
-406 762
157 -451
-311 -387
-376 -131
-556 -316
-137 370
261 108
-190 65
-944 -9
559 952
214 311
86 -123
361 871
-655 654
-857 -146
40 139
201 -179
166 -17
495 835
983 -695
909 892
946 -397
114 748
299 82
675 -580
-737 917
481 -243
-690 824
823 -297
-197 -567
-342 -253
601 905
-628 981
633 -218
-561 -907
-977 -706
396 457
65 288
134 -575
672 -606
-556 764
531 -305
82 -400
-930 46
-535 -365
754 831
-903 417
-726 -914
974 -658
395 -262
626 931
446 175
559 227
-75 84
380 -368
346 865
290 977
229 269
-303 753
-824 -316
255 -792
859 -957
-654 -742
-539 -600
-196 -363
-660 -857
-617 -630
-567 45
139 -848
-873 -326
-916 369
676 968
533 458
-108 -185
762 -805
-551 -770
193 -387
203 646
-133 -814
-286 -890
693 19
-787 -94
62 92
-840 -591
545 259
844 208
-599 -905
-208 655
144 -220
-948 805
-123 781
-180 160
606 -438
268 724
-107 -521
283 -676
-491 272
20 -932
890 966
-690 512
891 -87
-388 -29
-819 -269
788 889
-803 983
-939 -475
-321 149
-894 384
780 535
438 80
-939 856
-335 758
16 -209
-787 38
-289 -875
-876 108
554 614
-869 -461
-418 -113
-470 929
-725 -747
498 -981
-339 750
390 -599
633 805
-615 -607
454 -33
-188 -584
-947 159
-874 -414
-74 938
-802 -278
-918 771
-753 823
940 982
769 607
-17 -469
206 463
559 630
-973 95
693 -617
-658 854
431 967
969 684
642 -802
946 779
708 449
904 -335
715 779
-144 -851
-252 -70
64 -174
-64 735
-999 -555
785 14
-865 423
-970 -99
778 -191
838 -33
-37 30
-991 655
-72 590
-201 78
925 -737
-921 243
-187 -79
-279 191
766 341
-666 -878
-180 719
-117 172
699 522
588 -518
-918 533
-946 -503
900 26
530 629
-208 -241
231 -621
-115 -684
438 405
-219 -410
296 639
656 -782
573 991
791 -816
600 -489
-659 -150
-58 -659
-569 -802
-886 302
-202 840
917 26
285 355
690 -785
931 356
406 483
98 -179
-864 -553
-151 208
826 -663
68 245
-600 -166
920 -439
103 12
-533 -221
-837 873
-820 -454
82 -259
939 840
341 -579
293 -638
-881 786
-175 583
52 -52
-74 564
170 600
721 255
-130 686
-254 981
-451 148
-873 -466
167 -125
706 720
-690 -512
773 536
972 -852
-106 803
685 127
89 -729
-994 837
844 -835
698 731
759 18
-804 -276
376 -260
980 704
-230 -245
-148 -601
-644 301
207 -825
30 -984
-943 -809
-546 348
-411 118
649 312
-200 90
720 -512
-696 -17
-794 -373
-153 -312
-276 926
634 -472
104 928
-72 -44
-103 976
946 150
983 -210
-942 997
-711 -290
461 122
-623 810
-580 323
-354 115
-273 -708
-802 260
-652 -533
836 256
229 448
242 384
-833 996
-342 588
-727 -760
475 -557
-157 -345
-250 354
895 267
-66 583
552 -766
-902 448
355 741
831 -359
582 -260
-676 -428
-648 507
-239 512
-694 909
-378 643
850 327
-726 -659
-426 60
154 110
-132 -955
-581 -481
-648 474
664 262
736 -169
597 -495
827 -158
122 -609
-799 378
-823 -290
-474 772
76 335
-386 -560
-711 845
-340 367
501 -884
-533 -616
-538 489
-548 928
219 -515
916 62
-665 915
375 -376
162 -649
986 -480
963 -485
-571 -814
355 429
240 23
-986 825
-394 659
-72 388
320 664
-293 343
-730 -327
-81 -958
987 -878
833 -860
47 175
75 659
-369 414
-202 -710
77 478
278 753
990 -299
657 298
546 94
417 416
948 278
-823 -767
990 -442
-648 587
301 -91
482 -899
-365 -815
-382 416
-49 413
67 65
574 238
-921 -761
-393 935
-771 710
-543 -989
-821 867
673 -420
230 157
-771 -368
-895 -515
254 -397
-462 206
959 64
-977 -360
-579 986
804 -3
-948 334
36 504
735 -2
-474 466
-365 -345
304 432
-345 -547
893 -736
-595 34
-331 -448
-790 -512
682 -315
50 -132
-251 -130
-708 271
600 -860
101 -34
-43 177
313 623
-803 -170
604 -914
810 -238
229 -37
161 -102
876 -375
-930 -482
37 -574
-374 456
437 60
19 97
340 279
-878 139
38 -23
-597 440
-50 -787
859 -558
51 271
-125 -122
106 -971
345 79
231 458
777 -811
-892 628
-215 11
73 -922
-897 -686
35 -326
-291 926
558 -620
-671 887
655 -885
-304 -847
-767 686
-289 741
-819 603
-51 -585
-587 -331
-868 -794
596 -446
275 -238
-206 164
-106 162
-491 754
234 990
549 -328
-868 -737
-972 -306
680 584
871 -357
528 -66
885 966
778 -91
-399 593
-630 716
-641 -803
572 -341
58 -548
-869 868
-299 938
757 991
-326 328
-239 96
642 -248
558 -855
-118 748
571 221
-788 -833
161 -301
499 -912
-968 288
178 897
-179 652
-415 -766
387 423
-216 815
-820 146
-11 -469
732 -147
-637 676
-311 992
-296 607
-339 -55
-89 448
398 -808
-142 -972
-754 834
-547 709
-842 372
981 641
136 -689
919 216
-251 -501
-371 -396
240 -300
-138 763
-872 379
-442 472
-788 -87
812 814
724 -36
737 358
974 -414
-20 -160
128 -729
-486 -63
-830 -255
577 -890
-617 -147
407 21
926 401
241 -766
-415 -257
-781 839
459 -184
625 -688
-252 -699
313 -677
-101 73
-760 -871
567 296
584 604
-887 929
-559 487
-640 -670
-136 247
212 -902
531 18
356 860
486 199
-146 -405
-714 -312
-578 -126
654 897
-518 -747
-326 889
-697 229
656 848
236 -617
732 -810
649 -378
158 10
46 715
596 -520
732 -46
418 -300
-728 -267
-468 595
-117 -937
875 -393
-317 491
593 204
-975 680
-169 -669
523 -142
495 652
577 750
974 -890
352 -108
704 -36
690 -173
-188 -371
371 -162
485 -499
-688 153
271 -117
-653 -126
-78 -750
762 -932
575 -706
-578 725
-817 -131
-859 209
-331 852
573 -490
-279 -661
999 191
-850 481
-45 914
-963 533
-811 560
849 801
608 924
713 270
-922 -689
-476 923
315 923
-392 335
412 -651
-826 -154
-633 60
-321 339
-166 642
-580 952
478 354
607 -52
-330 -780
-353 -724
443 -187
-261 -468
-142 -720
400 -113
-259 529
839 760
-373 -918
495 -962
807 -934
413 935
563 451
-529 -456
-754 -368
-270 -581
-430 -856
-368 371
-505 563
-413 464
599 -190
942 60
334 895
937 41
205 902
-418 810
-230 975
-592 399
-728 -363
-171 909
-97 -237
202 920
352 -888
-870 -74
-367 572
-737 -877
-817 186
-934 635
755 -642
608 727
827 595
-913 244
265 889
413 -854
142 -626
-948 841
-97 984
-999 488
941 617
-94 -264
264 -104
-667 -615
-198 175
429 -253
-869 281
935 -301
102 832
-383 -721
-652 -820
-434 -100
-684 -288
237 899
-17 -508
150 -829
-723 315
-935 839
-367 922
-295 -757
562 48
388 54
-19 404
430 588
571 252
-2 360
-5 184
-157 274
401 796
126 -729
678 -358
-240 -953
-519 621
890 -622
-279 782
432 858
-896 -568
709 -775
493 855
-577 -64
-683 926
749 -425
428 -460
732 -433
453 -845
843 -984
275 878
-725 531
-364 -287
475 -767
520 789
-579 126
-854 -706
79 -679
95 -849
455 708
-228 -100
-983 909
-678 -464
234 -738
-631 -728
-269 112
125 -993
-925 -558
749 664
-820 790
-903 965
-412 538
287 -91
-393 -863
481 839
-28 -425
581 498
983 459
-269 471
472 -616
569 592
128 -579
605 837
63 725
-264 418
259 634
362 -335
287 282
88 987
233 998
296 136
-215 475
733 2
-56 -679
682 115
-289 -739
781 -546
-343 883
773 -331
909 160
321 -941
672 -953
140 349
-140 660
719 -752
613 -931
456 0
-321 -837
-668 -976
464 654
-131 24
-671 -740
-616 -329
275 804
-43 868
583 204
-701 -47
-493 494
-298 -580
655 374
-43 214
156 -14
516 -256
-67 -691
998 -798
-397 631
-487 603
-115 -57
-395 138
665 -215
-652 -732
-39 576
-936 899
614 -602
-874 -660
675 708
-453 -226
476 534
159 254
-341 -623
-80 -37
914 215
844 -267
-667 -517
-296 -625
928 774
-977 634
-684 174
-782 -80
553 -850
263 647
-360 8
-674 -89
244 -720
804 -448
57 793
-664 -217
910 260
965 616
714 -150
598 193
-394 -554
5 -174
996 137
481 -468
304 72
346 223
97 -99
783 -942
-741 809
-565 958
668 -988
254 -711
737 -55
-925 202
-473 -122
762 757
-627 398
314 316
36 243
-304 -658
-542 754
-289 -652
-337 -106
447 378
534 -592
608 -743
-369 -474
-590 429
-586 415
649 679
-670 -405
-368 -993
357 656
-301 117
-268 -985
150 179
456 -343
923 803
-551 373
149 -926
-362 -516
-709 -266
710 263
-118 124
67 -628
539 269
-206 -90
343 301
656 -866
-701 355
-17 897
-308 508
708 980
-109 440
-316 -412
-741 -442
-756 -161
744 -683
762 -202
-600 -560
-429 -930
694 332
-908 -320
-241 965
882 -403
-731 -297
522 251
-293 478
62 -13
-582 560
-89 937
-341 -662
-845 407
-961 101
63 89
820 -38
-69 -477
-27 740
901 -362
66 -922
457 -9
920 334
-890 311
-710 -802
454 -112
-820 -851
930 733
614 -852
713 -93
886 955
-440 71
972 333
-134 -949
918 320
665 -816
-316 930
535 489
-627 157
-926 -450
-742 933
443 -698
235 177
-156 -108
-931 690
-274 303
-244 -611
468 20
645 808
189 -863
-866 453
-810 847
788 295
-930 444
-406 -659
-179 -141
271 -969
-444 -878
82 -39
-541 -505
6 275
24 476
691 669
257 -617
701 304
-63 -163
281 -654
-443 791
-194 888
950 52
736 337
-217 597
-634 -525
334 -390
-999 -510
914 114
-316 -374
-936 -891
750 -887
865 -336
-605 -442
443 161
286 -793
-549 118
704 -305
117 303
94 837
-408 39
-529 -799
609 -853
-270 488
-887 308
789 -662
-920 -212
-491 937
623 232
865 -956
374 380
-257 -197
270 380
-270 981
-283 787
-163 -251
-316 179
-737 602
711 712
45 266
385 -133
312 546
-683 175
139 -751
-290 -100
782 -304
875 -654
-695 -7
826 662
-288 181
-326 280
-773 784
277 -952
-547 -568
819 724
-783 -695
-4 574
-281 -745
-360 542
-73 -933
-979 315
-927 -305
790 896
181 -862
552 -785
60 112
-399 763
812 238
876 45
662 -607
761 666
-461 537
-418 -198
-109 -41
-215 487
440 -148
371 465
-921 723
-943 55
38 558
487 641
502 -204
125 -646
820 -987
391 474
-663 501
-572 -357
974 -752
-561 929
-648 830
547 76
-240 -657
969 836
-828 58
-685 -616
997 245
109 608
487 61
-602 841
-51 238
42 -75
-595 -958
-112 499
-478 955
-794 568
80 -937
-691 -864
458 -763
856 653
259 -405
474 -166
-809 316
753 -33
402 -597
-932 869
-944 -477
534 -616
266 397
-408 100
910 354
86 511
974 -229
-227 -423
-808 653
919 -82
-124 -794
-64 44
-704 -373
731 252
-490 841
-160 468
405 672
35 24
-905 88
-963 -164
980 -199
624 156
764 419
-192 70
231 146
177 -910
887 978
599 -671
-110 -674
917 202
-705 -449
127 867
-287 420
-768 -857
-158 -724
-794 -13
340 190
-673 909
909 -331
-954 596
-474 -255
-341 -378
-102 755
-626 334
750 820
-628 823
-274 -672
371 151
-393 -544
554 -800
-920 199
858 -461
-191 -762
854 892
392 -244
205 -522
396 -606
408 -519
-119 -663
464 -114
-963 -810
62 151
-617 -594
-769 -943
-349 -570
-767 218
-693 780
948 -865
-331 900
-935 -496
-312 -106
-1 -245
91 -506
-475 -108
-195 181
-959 -15
-184 239
-503 -530
-43 -941
260 140
909 89
-825 -77
-670 287
-644 397
268 664
-549 206
115 573
348 -573
486 20
196 446
-962 -808
268 631
272 -967
-523 -333
407 700
927 657
807 -816
-708 -229
-338 -297
698 -308
-99 -2
377 -360
-621 195
-104 -324
215 -557
60 240
40 -935
-293 -600
-759 -200
705 906
-823 -759
-823 642
524 508
313 -691
835 -59
-214 -548
-650 -316
-773 617
-837 -412
446 -423
-857 -116
639 141
268 822
44 768
394 -717
112 -588
-903 54
-896 -552
-776 108
-365 109
-84 -944
83 554
339 332
585 -406
109 705
-912 812
233 107
-870 -137
300 213
700 674
935 -639
840 734
-88 451
-382 567
-47 231
162 515
-194 -870
-778 -152
495 489
472 563
-284 541
-80 587
490 -901
653 516
20 -666
-135 -604
-903 -198
-147 390
545 -216
-171 -308
444 -618
886 826
675 -783
972 250
404 -806
-286 925
-127 620
-641 73
993 112
917 -642
157 962
800 -807
-32 463
-838 -701
-178 869
-616 481
106 -367
-132 -134
741 599
179 832
548 -127
-669 868
30 -73
413 -731
-321 451
-206 204
587 918
-390 -42
-5 -925
-208 -769
360 -927
901 -241
-578 -380
-474 589
212 -114
-528 -649
-12 42
-242 -499
281 792
45 8
-904 -163
649 664
-752 -559
495 251
121 -861
-32 -797
-555 38
493 -506
-374 443
769 997
-848 -749
-395 -666
-361 363
125 -696
-935 -300
-870 975
281 356
883 1000
382 925
-303 -150
526 33
511 -460
200 834
157 746
368 282
-207 -353
-564 227
305 439
-359 -157
-675 747
-144 972
2 22
-107 860
291 -481
162 438
444 239
-948 25
252 -50
-259 -35
-524 -677
-456 423
86 128
263 -104
-704 280
-663 961
-823 -485
877 -97
963 548
747 -487
622 785
509 -105
829 197
-867 984
-115 607
778 -406
-15 -518
-721 215
909 401
190 -255
390 347
71 -628
-664 -78
70 726
-692 522
777 381
876 191
963 -488
-650 -622
-94 -283
-706 -114
227 971
-251 820
207 819
-418 490
-172 -773
24 -128
954 965
-740 188
-428 592
788 543
708 568
656 868
-888 -306
521 939
776 -539
617 -494
105 -489
-120 933
-352 667
332 -358
-156 974
600 -460
623 -438
-445 725
95 260
-228 489
-113 -303
461 -468
376 619
-272 -990
-155 -923
918 240
132 77
-797 -246
666 -630
-969 -60
10 -836
-650 253
574 154
-64 -329
501 266
638 -263
-667 1
-750 83
693 -69
661 462
-551 -815
-200 -101
751 129
871 -52
49 354
851 268
-716 656
54 -492
261 10
-858 -444
-679 606
-708 -536
688 535
-60 714
490 -279
-897 -935
-125 -465
-262 -152
189 289
759 230
744 -205
-935 711
104 -91
132 5
-929 255
534 385
-816 -102
-406 53
787 -815
206 -482
933 -918
572 23
809 -647
975 169
724 -856
-184 -87
-389 115
-313 -582
-761 197
-764 916
820 363
695 -776
124 615
702 -919
132 -929
492 257
-816 286
9 641
-607 80
-639 -578
-698 -943
252 135
602 998
-475 -542
624 730
262 564
-670 -680
-159 -757
-891 -638
-347 860
479 -859
308 606
429 910
957 -882
-541 -84
-928 -605
722 -376
971 797
868 -745
580 -153
878 13
544 803
148 -734
400 942
354 818
634 993
-241 884
42 -126
-361 -39
496 164
628 -544
727 -790
-720 808
240 922
795 680
954 954
894 904
-112 -30
150 -511
396 -357
147 -18
155 4
726 -577
-862 -661
619 -684
-674 489
34 685
233 164
109 52
-374 -432
599 -841
-943 -917
-449 479
275 -538
976 -846
588 -57
-276 102
665 -740
-666 -153
815 -592
-971 -503
986 -879
734 -165
-835 -440
-732 -505
-141 621
305 970
496 919
-972 -705
-64 676
223 917
-989 -149
447 137
864 -578
-513 877
-41 363
-760 -258
-966 -976
392 -102
31 -172
623 221
-285 981
501 778
-288 101
-643 315
562 318
830 -244
-498 -838
-470 703
-322 -702
812 323
115 607
214 997
807 322
-867 475
-128 -473
251 -40
728 760
709 -194
268 -256
-597 -988
475 459
113 127
-545 451
450 -540
551 -362
-511 -139
-659 610
-489 703
-601 796
-742 -21
549 -13
193 -778
-784 363
298 -798
853 -744
595 718
-940 633
312 -437
-10 -900
349 533
-401 -347
-780 -601
381 -693
-166 654
242 513
1 315
-272 59
-163 321
297 -961
-820 657
-402 17
-402 264
-592 76
-656 131
-596 -462
-843 560
719 925
701 -220
-308 610
147 -153
933 -486
-410 1000
528 661
-360 -190
775 352
445 -970
-921 858
-313 -433
801 226
873 722
47 970
-2 249
-677 -139
78 302
281 135
370 658
-711 572
-63 -310
-933 -443
87 -526
111 156
954 -272
-97 703
-867 480
-789 666
498 444
685 13
538 500
-389 161
-168 0
-15 -115
294 -735
-283 -854
-10 -705
63 177
222 -104
621 98
-797 -953
538 918
-534 -321
790 -645
506 -777
-719 861
-932 -381
459 114
-419 -517
-180 -242
-835 668
-948 -712
891 517
-959 -423
822 998
-294 247
-78 169
679 -556
955 332
371 849
751 -997
-161 734
401 -959
610 -885
253 -107
398 825
-859 -628
883 -188
-743 -101
371 -170
322 -173
-52 -576
336 498
633 -959
277 -85
220 420
-478 485
-875 15
-139 -79
-310 73
828 -615
-53 92
651 546
-357 -538
-725 349
-537 589
-239 -65
-814 -422
393 -651
83 745
53 -146
571 795
-54 454
-734 -493
-160 -286
-722 -502
-564 386
-964 -403
-182 -681
188 -722
569 -87
78 -569
707 12
-628 43
359 99
566 -77
-486 777
-281 -229
-501 -233
448 262
241 540
663 908
-332 923
586 -333
-136 993
-830 -701
906 59
808 -897
947 -865
-589 -43
38 6
-452 -168
711 -222
-369 15
-614 485
-58 -231
-693 -208
219 -856
-686 283
942 265
-457 872
-854 -217
-288 388
-685 803
-367 829
-533 -265
-935 -129
136 -479
320 -706
521 697
280 246
-658 124
-318 -350
453 176
-982 949
891 -653
286 -414
-305 -365
421 -216
667 -603
-252 248
287 442
-467 283
-332 541
-462 407
539 731
649 -95
622 -82
901 957
848 217
-315 937
117 -342
-170 -364
-189 -630
716 -384
757 363
-157 -861
-222 482
-222 -477
51 966
-164 -792
-417 843
420 364
-496 421
-322 986
709 892
-606 -985
220 -822
-760 -860
878 459
538 500
771 300
45 -664
-216 -421
-179 -320
-387 -364
-790 -920
734 871
-442 96
618 793
810 -692
523 656
-767 642
-74 -899
-656 988
-517 -115
-626 447
421 113
202 -77
-765 -929
-127 -690
-204 5
423 -221
-773 599
-426 -669
983 405
-392 -987
717 487
836 -630
226 933
493 65
914 279
-590 -729
999 -794
-301 -585
-293 798
342 384
71 974
209 -582
345 872
971 792
615 -802
366 -350
410 -303
-782 -119
193 411
-382 33
741 -596
582 -229
-112 638
693 -353
-643 444
-146 521
814 181
-714 364
945 455
-288 348
-858 -157
930 -672
-753 932
-917 -633
375 -163
769 18
500 248
-106 988
-282 244
-717 -110
-278 315
328 -55
-979 -716
-996 249
-50 -310
-884 720
220 618
-410 -552
-787 -881
666 -579
-295 -697
-863 687
-588 -689
-609 -625
-589 -382
-913 -694
237 960
737 173
819 -938
435 357
-281 -60
684 -383
338 555
-924 171
-109 481
263 -688
452 -856
985 -278
-530 -335
628 836
-103 -178
-152 407
-941 -555
806 -691
983 379
459 902
-450 -303
-656 514
-313 -895
-726 -374
541 596
385 -916
-790 -83
-468 115
884 20
170 299
-738 664
-511 18
-390 -543
-387 -421
813 906
267 -359
-342 126
112 155
-12 -853
975 614
764 -531
589 749
470 -705
-24 743
-315 -81
-902 -925
-241 474
-990 330
-693 449
416 194
826 -508
376 153
894 16
-63 -920
623 202
-613 -221
322 -726
-736 579
-650 698
-865 264
123 -536
-965 -724
-420 86
-458 -940
838 -326
550 332
179 199
134 488
492 527
200 706
-437 252
-529 127
-503 114
-739 -755
267 800
-163 -367
-120 -652
-975 498
-739 -357
493 693
-539 810
808 -896
-888 799
561 -400
566 487
-704 111
-232 -451
616 281
-432 -382
539 679
708 803
18 -252
-688 760
520 47
551 -930
967 451
-373 138
177 17
-422 784
661 -95
-478 864
-473 30
417 -506
66 711
-802 -677
997 226
136 -472
-864 -762
757 -812
-903 -160
-477 -259
-363 806
714 -537
-402 496
-368 858
-563 -234
-214 -654
768 525
635 -322
897 728
-16 919
-916 -8
-286 478
-731 450
560 409
639 551
854 -675
-620 -234
167 -951
58 755
-302 665
1000 -969
544 254
-830 394
99 786
-78 170
-970 -353
799 236
-120 25
-276 -478
-739 -482
626 311
-445 -547
801 -620
143 312
847 64
357 701
-267 -805
296 711
943 692
-102 -343
859 530
628 183
-479 61
-654 337
-45 -835
507 -62
-889 329
-615 385
-647 -383
698 -71
8 611
-689 -825
920 715
100 -118
832 -884
125 -507
-498 958
717 379
845 960
127 688
-528 539
639 -492
565 624
-86 -40
-780 850
989 -313
-997 215
-463 218
-994 -668
656 417
324 673
-166 456
-820 832
686 -93
553 298
514 402
-600 -172
535 -188
337 500
-685 -795
-166 542
-839 559
-399 -688
-741 -809
-855 -572
-814 573
6 204
111 54
660 998
815 180
496 699
-948 965
552 -491
749 -922
-69 986
-84 688
-633 -975
-915 -33
-636 -345
-204 399
-608 -993
-961 792
426 207
-208 -210
-260 403
563 169
-718 -667
-490 518
42 128
-802 514
-695 -155
987 978
-134 928
-315 -129
-984 -408
474 -559
-963 -272
-936 -822
957 -524
615 71
-173 919
-230 836
-357 858
117 914
638 -443
976 -997
856 974
-459 68
-38 -967
656 937
-961 -707
425 -771
580 -332
510 523
459 972
-982 582
104 -313
-290 6
787 -875
27 764
-904 -845
552 -51
806 883
692 -87
675 509
698 131
-527 258
946 -203
658 -836
-510 720
-38 -926
-393 -868
-494 169
636 27
142 198
-444 -227
903 615
-54 -741
-493 586
-781 -31
-95 -662
-766 -874
140 -942
-330 206
-371 199
-59 284
-343 851
847 -628
265 554
-495 598
16 -322
-790 -180
219 -499
913 -552
-670 438
-296 -673
547 686
-324 336
-279 337
864 408
-331 -915
711 838
-954 -557
952 728
380 -697
427 442
48 -110
-491 -687
610 272
-804 655
-378 694
416 -864
482 -754
-969 261
-691 -472
-112 -625
-172 -971
-707 -522
-37 135
-978 -12
338 433
243 304
-146 -65
247 -471
-991 -928
490 -219
130 429
666 137
79 31
258 68
905 279
-712 -48
179 -626
-496 562
781 537
-399 -509
-869 -668
-757 -274
407 134
-307 -49
-654 -17
-572 128
-377 286
56 587
465 -31
723 797
-847 -603
-515 944
191 511
-134 377
325 -748
564 -488
-867 515
103 891
777 244
-351 -321
-677 520
309 225
721 -652
-23 -114
278 -693
-467 -25
-720 -765
897 288
-753 533
-495 -543
-164 94
263 347
-729 -212
-225 -592
-906 -370
-249 -321
-936 -462
536 469
-443 -416
-179 635
882 89
-608 102
-657 860
822 478
-443 264
83 -781
170 229
-426 -786
52 -134
954 897
924 -482
318 490
608 608
-916 99
-131 562
-871 -405
-756 811
-654 -22
-553 -857
-834 -525
127 -871
875 -970
740 -714
977 -374
375 264
-617 247
831 864
713 206
-604 -52
614 417
815 977
-275 -86
-469 355
-163 663
653 907
771 -478
686 -947
-809 -647
378 -461
-768 -752
-377 469
412 186
867 404
-621 -413
197 -115
-795 -144
-908 -455
-913 331
533 199
484 164
-924 -826
12 797
-621 -353
-318 868
327 263
-288 936
-163 404
-804 899
-820 359
-293 -816
310 -296
722 -46
238 -881
-615 -559
-649 -393
422 160
621 -879
-163 650
-957 357
-321 671
615 50
-656 -530
925 -121
-565 534
-800 -823
-758 -280
-516 -194
863 719
-160 -119
-63 715
429 254
840 -738
174 -197
900 311
-50 423
-98 -649
-521 -202
793 788
-907 478
-567 -462
-941 -197
-989 -643
800 275
618 -107
-446 -514
-277 808
-22 -4
65 946
187 11
-354 455
-716 -139
-552 -67
138 -320
916 -36
-47 -972
-821 -689
-11 -906
-407 870
541 -48
-911 502
400 -669
873 628
-884 352
-471 339
-232 953
761 758
-181 -628
731 -660
570 762
968 -414
-600 -610
-62 -771
-196 -831
-13 729
588 947
-861 -917
982 122
168 -819
491 604
409 -221
988 -220
-954 -818
-294 659
485 547
-396 -875
-900 -991
-744 -32
753 -974
-609 -761
612 964
-723 -708
-540 -884
-772 154
-605 684
649 601
-862 -581
120 687
-840 -40
495 628
-96 809
668 492
-903 37
-4 -55
-213 747
-662 -829
-690 20
-359 -161
816 454
270 600
534 356
-473 -84
-266 885
994 -413
-306 -724
-396 835
705 253
713 578
888 110
-688 -31
-723 -475
810 319
-849 70
437 442
459 -369
-154 732
922 349
-711 -67
797 -475
960 -110
-6 -500
68 -826
-962 87
719 -935
-721 -253
981 827
-881 499
140 -452
-452 -715
-839 -555
-284 838
99 713
686 652
136 -408
323 238
-397 -2
879 463
-324 -207
-405 -103
281 -462
795 -918
-86 183
-146 -801
-316 410
-680 402
-648 -564
-652 -134
10 589
-578 -282
-801 946
-351 555
-432 155
-832 -929
648 -340
-19 120
-991 -645
613 -983
786 -267
-181 981
-301 -706
-212 325
-830 -735
315 750
-549 260
-640 778
-793 -374
-206 -310
125 101
428 863
218 -146
-24 331
-945 621
361 -74
-326 -465
982 917
-320 927
714 -599
71 658
297 715
868 660
-852 475
96 -911
916 -629
398 98
-571 -779
342 510
-107 -617
927 -877
849 -352
191 -116
592 661
167 603
503 -968
601 743
744 683
-511 -48
-16 379
-554 883
-317 -237
-593 51
114 176
500 866
364 121
-624 508
949 -674
-29 -248
379 -601
608 -114
832 95
-970 209
-796 223
-535 -226
-93 -152
719 527
-345 -753
183 -995
925 90
-996 -102
662 -254
-26 716
495 -587
-143 -240
513 -665
-20 -105
-809 610
-533 736
109 -591
-408 -391
-667 799
-14 353
-412 649
946 578
-507 -837
-938 -787
332 -230
-749 -97
-75 -895
699 -927
-72 751
238 -485
560 860
-868 809
-38 994
-765 -893
78 977
-11 -73
271 -808
490 -375
591 214
-401 -153
-811 102
729 785
-707 -349
996 -987
-412 -891
-910 -664
-540 -270
-896 -342
-206 933
-935 -941
172 -11
838 488
152 -663
651 -102
-343 -354
-518 649
575 -730
-23 357
577 495
940 749
-676 703
-946 -86
-165 673
-381 547
-691 -9
306 -505
819 -325
-608 394
-595 -626
480 -615
979 -540
-126 882
-652 -51
741 -374
-374 820
-577 -591
-996 -525
-304 -660
-907 714
695 -869
-238 277
234 742
459 343
756 251
-762 812
-541 607
-21 477
-594 -402
-798 385
962 -505
-969 536
103 50
-216 215
350 689
755 -42
403 -946
-892 67
-858 674
146 -73
387 -85
-159 -773
765 768
-169 -237
-327 -333
578 99
-125 -829
-683 255
-557 684
-368 -889
824 541
-990 50
623 -302
554 432
-770 532
6 -197
74 -820
183 -506
105 561
314 792
-828 -203
327 813
-33 150
-658 712
-281 279
-71 39
510 542
998 952
658 873
-768 -920
416 -919
269 -629
-328 -664
267 921
475 536
-402 -493
201 -347
452 -728
662 764
995 -719
251 763
943 671
717 -68
-646 -529
-37 -831
586 45
-596 -777
-69 -275
622 614
-351 -732
459 721
-912 364
614 -2
356 656
-930 302
-607 -763
906 540
-784 878
255 -26
306 507
282 329
-572 -680
5 332
-143 700
967 994
792 683
-848 -769
-30 -336
-744 -469
-989 283
335 67
536 -990
339 861
-728 658
-845 606
-257 -272
-177 -269
-550 475
848 652
-63 -163
-509 -421
535 988
-973 -175
162 406
124 352
381 612
-634 -792
101 452
-387 -975
323 -131
369 622
573 -156
-220 524
-34 592
329 -619
-385 922
930 -146
-427 -795
394 -874
-727 436
594 -938
847 507
-401 286
-131 -747
-500 507
-180 568
819 843
951 111
-726 97
974 -634
-714 -960
-676 366
628 -274
917 -393
-706 80
-482 -781
243 -267
781 -275
481 321
-307 890
258 -25
312 655
421 503
-246 -234
68 -796
917 -527
390 210
-124 -780
-946 -649
-138 -750
765 285
131 983
-623 114
-879 -538
259 -459
-673 -997
-288 771
460 116
906 -233
900 -596
-57 789
810 428
280 -355
-700 -44
630 655
-638 -880
939 556
-492 484
159 215
44 139
551 409
98 61
-231 -186
-803 -734
848 -982
114 -989
-134 311
-113 -297
189 589
599 635
186 -426
77 -366
-113 521
791 56
-835 959
-468 -100
-936 387
429 934
48 66
-707 419
-796 -736
-217 -427
574 463
-752 -249
-98 -834
924 -949
427 -644
-190 88
738 -470
-291 -195
573 -65
191 683
-199 -690
-835 627
187 410
-735 671
-51 -694
-823 551
-383 345
-232 -327
436 -657
-334 -716
475 960
-811 -92
-545 103
725 -197
-326 797
-200 -574
-522 -538
973 -586
510 281
277 391
259 -111
-442 -914
383 422
-503 265
-445 464
-994 -405
994 914
-281 -902
-71 -488
-167 17
230 -873
682 290
239 -80
708 868
418 38
531 -699
-368 -539
-571 574
615 70
-206 -997
-723 -495
735 962
-96 671
95 461
-636 -857
-487 824
907 934
838 139
-242 298
860 -449
-301 335
750 -289
-782 -398
244 -89
-800 624
-584 90
-24 297
341 318
21 547
-778 -577
-804 -244
-501 -956
652 978
904 -931
636 -366
-405 -344
639 -938
-62 34
-768 -745
-22 914
874 -210
-141 728
911 864
60 144
-553 332
-15 297
101 450
-922 977
79 88
292 732
-388 505
531 373
241 37
194 583
-337 -435
456 -867
-968 642
-485 -946
-410 947
-482 828
-696 -243
456 -346
-391 -958
-132 596
850 -106
693 661
590 -138
675 787
544 392
340 285
-452 767
-308 461
360 -89
-260 -274
48 -437
-126 -336
-413 -913
561 -135
-487 710
-356 -67
690 503
-750 867
-41 865
852 -728
892 496
578 -224
140 -962
-66 613
107 757
112 -503
742 497
-570 423
216 573
457 458
19 492
821 -852
408 -516
358 -433
781 -749
-208 958
-844 -456
-435 257
-10 -297
509 350
137 -913
765 901
304 875
193 256
-791 -4
862 110
265 986
-772 -133
-323 -645
28 728
307 -419
218 -734
-502 -559
-365 -525
-217 -884
-1000 824
-285 633
-19 -906
618 -60
-553 963
657 39
-777 231
734 559
-188 774
-350 -861
-490 -576
79 500
-415 -494
465 -565
444 93
-607 -557
-943 421
111 -610
713 835
-421 837
781 -311
-86 728
-781 546
-342 -97
-931 -781
-191 -131
700 -26
445 -256
999 860
-501 -268
-284 250
649 -863
-165 595
-337 -976
-247 -928
-175 912
531 -507
961 113
-182 -279
672 787
33 472
-815 -456
-929 664
511 -925
994 199
-554 -968
712 -416
-170 661
-570 -369
-197 357
804 505
526 19
-464 -351
-822 -219
714 655
-660 -57
101 -403
-898 640
-574 806
-232 286
-701 -474
-65 467
68 430
821 700
-254 904
326 366
-249 970
466 -212
-281 -99
-51 -855
394 -773
17 611
-248 -215
613 -629
-176 -979
-869 115
-896 -433
359 475
-746 -140
683 796
408 -999
-564 -148
962 -181
-18 952
30 341
-557 274
800 903
-796 -999
796 918
-577 -341
440 504
-605 -144
114 905
-829 -630
-280 -210
1 -192
-522 -35
545 654
-394 -203
357 -867
565 -543
57 316
482 968
233 288
524 -616
-4 -534
-302 -980
-796 90
833 129
-488 518
291 672
-11 186
398 -57
144 -797
793 -298
429 -805
-542 646
217 142
-539 -570
-210 -141
-518 -667
-657 -397
762 -938
-865 -808
551 240
495 703
626 -944
-635 -30
-446 -641
730 -197
941 580
548 358
167 389
447 -652
-374 57
473 -950
-941 688
954 896
-720 -165
130 179
773 257
-355 218
316 -936
731 -823
648 -446
-462 -542
710 100
-871 -12
367 924
8 -614
930 -978
486 -36
383 352
3 28
-381 145
-560 -472
-409 396
-856 -367
114 495
883 832
637 -197
642 -280
143 -81
613 -268
280 868
-675 -835
-78 -425
-904 -71
997 -976
-323 -179
114 454
-714 294
335 948
373 -721
-819 -224
-830 -677
-818 -360
225 19
-997 -661
-393 972
375 -918
-110 245
550 907
293 -209
957 -463
-336 37
624 990
223 400
189 29
-201 -18
-339 -612
-387 -144
286 599
458 -856
311 381
-49 91
-173 20
971 -594
-919 -378
-423 -660
-224 -708
-138 797
376 810
110 744
-8 -373
-260 -396
952 -903
-306 -754
954 -523
993 -373
409 238
539 675
-620 -911
810 -459
-465 -841
-954 444
-209 533
-852 960
811 -392
-363 190
161 -991
-195 -241
-24 181
-537 -687
-457 38
196 -291
-102 -190
-482 -588
-765 673
583 -178
-386 -409
-225 -657
-870 -802
-648 512
947 -164
-139 -757
-320 802
-466 -139
-302 -845
246 -268
-389 -433
436 -886
442 -374
-149 199
-72 962
94 612
301 648
927 -147
283 476
-495 -585
735 -723
730 79
-639 -947
237 257
537 405
-331 325
177 -16
792 -603
944 -721
395 -586
-922 -322
-752 853
-30 759
-258 -149
336 96
434 -826
865 -20
651 -352
-677 -319
-747 490
-725 278
684 -922
359 745
-677 -619
-619 148
-503 -26
945 480
603 448
275 891
-919 -576
708 716
906 -622
-461 610
-669 310
412 -182
-748 -678
-29 -431
-679 -285
