2936
307 859
-506 -55
267 477
11 621
274 252
-710 -345
448 105
-318 959
-643 -766
-831 -319
410 -117
964 252
-672 -582
-571 -426
-190 142
421 57
528 691
-774 -335
852 187
439 620
737 668
-920 -274
-59 -166
786 441
-846 786
547 439
470 -49
462 -606
-246 -620
-104 886
-928 -335
911 845
-214 76
670 -620
493 141
235 763
-355 334
-585 319
-151 686
-302 304
830 -353
-208 -582
868 -670
-28 328
-197 270
-889 883
892 270
-155 -482
-397 -785
-477 659
-161 -161
-532 -559
-550 647
944 -131
347 -590
-305 -884
24 673
-440 621
939 860
-299 -117
855 243
549 -80
140 -264
-442 -454
-446 102
421 -910
810 351
-417 702
802 787
-689 -921
225 856
-22 -705
-473 -69
884 97
962 -978
674 615
337 591
-989 521
-73 479
-504 654
180 -247
241 -768
-833 -333
-889 888
-762 -293
648 -798
-385 205
-432 939
256 479
585 239
658 -426
443 -192
84 -422
-733 -939
-637 -7
-278 -251
-192 -778
147 790
236 -495
-494 -411
-662 244
879 377
-259 473
-469 -335
-620 -805
-817 823
778 -559
-494 647
905 536
323 -188
278 -602
-695 685
211 729
-531 -85
-13 -266
-738 -452
503 -426
-690 -697
-676 -357
-57 -499
-818 32
616 -399
863 31
-342 -401
-561 -682
-670 -870
47 963
819 -361
-164 -125
484 784
138 -599
-752 -155
595 372
-646 97
199 576
-876 -205
567 -25
239 276
-346 -454
477 218
355 599
-563 -124
185 617
41 -356
840 112
-970 -124
-614 140
519 -632
-328 -953
-287 -805
-800 850
-814 920
658 -984
-330 -261
108 431
103 156
15 -520
-387 -306
638 480
413 480
777 836
416 499
756 740
103 771
-730 302
-366 955
41 -437
62 255
-464 754
92 115
842 683
959 308
-676 191
674 67
445 938
441 -265
603 -154
-377 -370
944 14
-630 85
-343 717
-41 171
-949 597
-531 -586
-197 -884
185 792
348 -325
-364 -255
-422 758
-449 912
902 -288
238 -112
-656 -352
-423 902
300 -318
-397 -563
-591 -705
-392 -736
-77 -728
-352 -589
576 -762
-679 657
-856 858
-886 780
208 609
411 -440
593 421
33 43
166 -430
513 -648
-818 576
-546 939
448 243
-231 357
-458 242
179 439
-484 295
-355 -981
591 -678
313 -732
77 839
299 480
945 -325
-741 -270
-566 -119
392 395
-982 -691
375 -938
762 419
887 418
-600 -495
-362 165
-661 812
138 -831
939 -642
284 -797
435 -808
-216 -8
705 392
628 -15
-896 491
434 -135
131 539
-630 964
22 34
726 324
-450 701
-118 394
-635 -730
180 -330
569 -220
870 -660
547 -132
110 431
298 -126
388 -459
-297 -3
739 32
499 943
952 -840
500 -396
124 917
-22 -590
-958 612
288 780
90 877
-672 109
726 297
860 -2
-846 -675
-705 -366
734 691
963 533
-964 -169
-23 177
401 130
6 -415
-748 181
-176 286
966 -304
-94 991
798 933
-47 -929
176 374
-986 -255
55 669
-715 872
821 452
712 763
206 -966
65 406
-546 705
-805 774
-726 203
161 -281
-572 752
-976 618
-572 -128
-517 -752
-200 -785
101 -188
-554 999
846 394
685 967
-746 -775
-758 415
294 -103
-6 563
446 -711
432 -818
-179 -255
562 -434
-714 -263
-581 33
-489 615
-361 -407
-846 299
-256 -141
-845 208
-890 29
662 -478
-999 461
-671 -480
707 -606
762 868
-611 182
409 -659
-480 121
740 11
-185 925
-814 -737
948 -763
-649 -229
843 -308
764 290
-794 56
-478 -933
-609 653
-630 -236
247 568
999 -422
-809 -201
-4 751
-509 16
-254 -161
566 -975
682 811
448 -824
889 878
-21 -104
30 981
-186 -25
-711 28
662 575
628 -657
463 -294
35 318
-621 277
-666 -878
443 474
-590 -54
564 987
-554 177
789 -248
-716 397
-542 973
57 -496
-566 876
-140 -129
-126 -633
849 969
326 -446
-95 -804
-198 344
-435 70
-780 534
747 374
108 -866
628 801
621 -605
417 205
29 -528
-281 92
91 -63
-485 -859
445 394
-612 -479
-413 -934
-263 134
768 -559
252 459
5 -156
964 -56
-446 555
-391 -279
-293 -606
-610 -479
-752 917
-591 -634
332 282
343 -968
-112 138
73 671
40 -81
867 -348
-618 -189
-894 310
-479 -302
-499 -422
-270 855
133 7
-929 -339
-486 -583
-494 -310
-340 -409
799 -756
178 -700
-423 -415
-786 -270
-419 343
-481 657
-893 -604
-563 845
-494 -985
646 -697
839 -639
119 -931
-385 -497
-748 873
351 566
-543 -529
610 -427
-629 -713
226 753
-985 50
16 -783
-792 -156
-340 531
-287 -405
17 745
-719 -844
306 616
354 419
-482 -790
-228 629
-701 392
-436 -25
-989 997
-37 -774
409 771
-769 726
-944 127
47 -121
389 -114
-743 -601
-210 -268
-534 131
459 972
-443 -714
873 -321
-34 327
47 -978
-132 306
17 517
-345 -562
-608 -422
-36 -760
-275 -781
-375 178
331 734
-856 -515
-544 80
95 88
-163 -471
71 496
858 -203
791 -50
325 296
-552 160
779 182
-586 -519
982 -796
102 -328
204 684
-801 -71
931 134
302 454
426 302
-140 75
849 59
295 749
-969 885
-692 -253
-554 -450
-150 -89
-678 -859
664 368
113 -245
817 903
677 826
-743 -815
348 -351
-283 493
968 -159
-572 -359
469 -20
57 27
398 427
-358 514
-947 -487
933 6
-24 392
-699 361
-544 143
274 -644
-309 572
516 -556
810 205
755 980
-291 252
-497 -88
-399 321
252 -546
407 256
-180 879
521 -12
-556 -77
233 -468
226 -487
-630 296
498 960
-852 -5
140 -561
392 -335
-774 404
-516 491
-952 688
719 751
429 870
672 -825
778 -621
-869 -808
-464 -561
31 -913
-571 912
-805 581
-209 -409
721 -41
400 -495
-412 871
193 640
-660 550
950 -657
162 -457
144 -623
-435 292
-152 -93
-889 -888
910 -359
-614 -24
545 690
-247 161
779 324
106 625
-556 -285
163 -556
971 -877
-517 -725
-848 739
-413 -487
750 619
637 985
-887 437
-756 -743
-245 -230
249 386
-548 -847
807 -135
-510 -781
913 563
-202 337
495 -120
-673 -870
-679 679
-428 215
-13 -148
-937 -978
-626 5
-996 -610
921 -411
-33 -524
407 -906
-49 -599
76 539
863 -116
-489 865
273 -984
-684 -448
313 -735
357 444
-410 -954
-941 725
379 -442
718 -85
-292 39
-489 -591
287 926
-20 461
-392 -697
178 161
-213 588
-401 -189
-597 313
549 -919
-166 -855
-685 301
-433 190
-118 -954
-96 586
872 595
447 47
531 748
-957 -966
-877 265
410 638
-388 -641
-554 49
-31 -362
165 -87
211 -973
-270 -599
-963 -175
-233 505
958 378
712 467
-503 94
872 46
669 572
344 -395
221 -689
-890 -489
590 -392
-508 -380
678 716
-60 -230
-439 57
-921 739
950 524
493 -861
-96 -990
-138 -199
40 -656
-934 372
-862 -688
-499 -569
118 657
-995 915
-595 974
-675 -999
101 490
-311 -627
-307 921
499 77
-974 39
-177 765
732 439
922 -655
259 -650
909 -992
39 66
-733 -741
-841 537
596 -436
701 -18
77 -18
442 -202
-159 126
340 -108
269 965
37 687
-808 923
-962 822
-299 -942
504 -885
845 747
813 -308
143 520
850 -856
-576 -590
-17 43
-493 212
278 -670
-941 -132
-731 -905
589 416
119 820
-235 111
-588 729
544 -546
650 472
203 -306
-388 -659
-504 297
-38 -169
-945 -695
-566 188
-371 218
-627 206
-720 -514
25 668
-306 -414
784 496
144 83
-399 -390
-942 -337
-896 -593
-727 -28
990 225
-802 -330
-355 355
-757 -491
442 -822
755 714
-921 367
362 924
965 -140
-917 601
155 878
-278 662
642 604
455 660
-729 -319
-367 512
-425 -323
-383 -121
928 183
282 -202
336 200
968 86
-33 258
372 968
284 -908
237 218
-839 411
-978 -404
-730 167
-400 -499
-481 982
712 539
-530 -676
-874 -381
709 479
-404 -42
872 -720
-724 545
-39 -113
-287 185
882 -931
839 -451
632 673
-287 -647
-806 -189
193 246
-60 122
-868 -61
170 -803
564 -667
-862 606
677 -172
-184 313
97 311
198 -79
-97 448
-315 386
830 -275
122 627
436 -714
689 798
262 -144
-351 739
962 -30
50 -163
284 -296
-474 -651
34 -34
-226 421
-265 987
-803 836
-84 150
444 -593
197 -36
713 -404
609 989
-686 -274
28 30
-552 -671
-936 622
558 597
849 -303
369 -812
-551 -382
271 637
-936 -726
-940 340
-414 170
715 770
955 -413
859 3
-375 -519
303 -161
768 -227
692 74
765 429
593 202
716 -427
-669 518
845 465
181 -206
-646 59
88 -322
-487 -82
646 -116
978 -251
839 718
-196 -15
-628 -925
364 882
-143 41
132 622
-895 791
270 -153
-844 -499
-815 -937
748 43
-508 146
-34 952
210 -632
21 -490
-887 1000
-793 -555
-712 -443
-486 -572
-833 582
783 -344
655 372
-579 -214
255 619
309 125
686 -287
-209 -675
-730 310
-134 135
-558 -117
310 -579
1 -144
-817 -185
-710 -877
-553 296
-139 462
729 262
164 -555
370 -237
-877 656
923 928
372 388
-381 541
351 -855
66 460
-835 17
-820 104
224 -328
879 -724
496 -27
753 67
187 -216
11 41
-676 692
170 -285
635 855
965 210
-298 -783
609 -135
625 -499
-947 -419
-706 51
25 870
152 -694
-298 -526
-352 154
-643 -292
-908 400
725 436
329 -389
-949 -793
23 -175
-428 -153
-36 400
494 633
474 577
-369 -676
925 447
79 570
-228 890
877 -970
-183 629
-213 -237
493 -102
-311 105
363 993
768 279
198 -612
337 -266
-909 -139
-697 -275
485 -718
566 -620
-815 97
-267 951
996 -94
-347 649
397 778
27 -161
-748 104
-625 -628
596 -126
-386 -747
-966 -603
162 116
-61 231
-593 -333
988 634
831 17
-335 -682
827 -926
290 -829
-582 -968
-799 671
-284 741
-406 -156
-563 736
-847 -430
494 -487
772 78
411 -542
645 -112
-760 521
-30 833
-621 879
-194 -765
-120 -884
487 -617
166 -762
101 -98
-459 -685
-289 224
-248 -923
-333 -339
-433 -506
435 919
-59 -331
271 53
64 -917
935 -191
320 -164
-864 592
714 151
816 -283
851 776
497 -448
565 -699
-24 -937
380 -397
-128 28
222 -578
-874 199
-278 645
-528 -24
-437 790
-333 223
-490 -634
-155 370
406 519
894 -994
-517 -204
-222 -836
991 24
185 -337
-621 -858
-189 -618
675 127
-852 -306
256 -949
114 -414
-731 271
658 -896
829 696
-72 -883
70 229
204 -780
-102 -547
-216 -825
-914 267
-630 -98
-904 565
299 271
-960 -175
161 -297
-189 -704
727 -72
-583 927
434 -988
-268 268
-550 517
-860 725
-987 -709
-936 920
253 -942
528 53
102 -607
422 -114
-673 757
677 859
-279 148
756 -79
-534 892
268 -648
878 449
784 -367
-917 297
559 -329
-534 450
628 -66
897 259
922 886
-606 601
-298 952
854 312
-914 -613
-913 -711
-429 -674
-526 192
-229 92
-435 -215
-417 95
-991 948
288 352
964 -224
-300 -986
-294 -825
-360 517
-252 981
800 -750
-447 -333
816 833
-832 -185
-264 966
-685 -35
570 -797
946 922
-543 516
-393 496
11 310
641 -986
478 503
917 -479
-579 313
902 201
302 209
-113 -658
541 -330
656 876
-182 435
885 -761
-340 -986
-996 -917
715 -70
-399 20
185 64
560 -284
359 558
-245 815
-574 -623
-716 658
-418 -169
70 705
693 887
660 272
644 477
930 173
279 -603
-491 -495
163 620
-692 -155
-680 335
-655 572
775 832
-637 -28
-37 771
-185 -191
863 -236
54 657
707 302
-929 -43
-392 -311
488 995
615 202
287 -165
495 682
592 135
-822 923
390 -956
-691 369
861 659
-879 481
472 -23
-533 -699
453 554
620 1
-257 793
-75 434
150 -690
-342 295
-425 -318
-576 -633
3 237
-915 -271
958 -175
-10 982
-378 -590
635 815
-229 -958
693 -124
-138 876
-611 46
-832 568
594 174
985 -185
852 528
-249 888
-771 -1
136 -315
120 -892
309 -152
-598 338
387 729
-821 408
70 234
-185 785
-869 -821
-544 -961
-795 720
-405 658
241 709
-12 947
-745 -264
261 884
-818 -983
716 -336
212 -393
696 -569
863 828
-516 150
546 912
979 -580
-785 -72
-881 -295
-755 519
-489 -550
849 -83
-260 -861
-429 125
351 747
-456 584
-628 194
424 -156
-395 859
-26 462
-21 -346
618 -137
189 -32
669 763
803 651
20 862
-739 86
643 -191
-239 -27
-326 212
21 -595
317 -958
-570 13
740 877
850 -824
-407 521
625 -966
-761 70
-338 688
910 310
-868 333
976 -98
-827 -566
544 -234
-270 157
-811 -509
-856 736
-480 -55
603 658
191 -980
-757 -846
974 526
498 -247
22 -206
741 -251
-568 54
-576 -376
539 975
889 604
-927 -342
856 510
-413 -92
-892 -362
-495 -95
457 135
473 81
-54 -414
-399 -696
144 350
352 -237
808 -910
36 605
-914 207
-510 -93
-816 -145
-453 193
563 -966
-54 -900
-27 -393
-619 -874
263 -744
188 -838
-724 -136
-356 -457
274 -926
555 -75
-682 -595
212 -265
-199 216
449 -227
562 834
-49 -726
-200 981
453 -294
946 -177
-833 157
358 902
949 497
-510 -609
-963 652
-980 -769
851 -512
-318 -618
-734 665
145 403
-673 -662
-150 859
691 -618
-894 888
-458 -183
989 -3
-391 -280
961 29
941 210
356 -820
-541 -556
500 -348
259 452
519 -903
875 -745
-956 -466
-49 -717
-205 13
785 618
961 643
446 -16
-212 294
-481 -745
900 540
158 512
686 632
-459 40
-355 -643
341 -299
-259 -634
-961 21
-337 701
-945 470
817 596
140 -200
-96 951
441 -564
11 -537
824 2
-809 -520
-206 -759
297 849
-883 224
-679 467
-911 -589
-629 2
992 -970
235 935
-463 494
718 -844
117 513
708 -150
-286 821
475 -100
-467 -127
-632 726
-409 -304
-245 -308
724 706
928 331
990 840
-126 391
688 333
871 987
-808 1
480 -279
165 580
-881 942
391 -709
785 -379
736 -214
-756 551
346 -922
467 -18
-634 883
-167 -210
580 989
584 890
627 620
-872 -124
-35 -33
-368 756
-902 894
-403 751
95 435
922 -585
-445 -859
-210 155
183 744
-298 247
-15 -793
954 -515
123 -441
-596 -379
-795 -193
-131 626
-894 -974
-348 -291
-810 -46
705 -321
-209 -144
203 955
445 581
-635 794
370 -912
882 500
55 -537
877 565
381 -776
-672 -535
544 -86
809 -446
-253 104
-379 -196
542 833
322 -735
-509 -484
54 -770
-805 -86
301 886
90 421
-550 377
19 799
93 375
-74 181
743 -595
908 -610
-688 -209
-991 -334
167 -130
254 -265
308 -929
938 902
-628 547
-421 336
475 -60
566 702
-95 727
563 -334
-704 555
965 29
83 306
277 -196
233 -442
50 -465
-730 908
947 752
-480 991
554 378
-844 -157
-616 -734
-437 -83
-753 -865
60 -659
30 426
-141 186
834 689
592 176
185 -458
-112 960
-577 -432
-563 -83
-811 776
-707 745
-814 -289
21 585
583 874
-830 -455
-499 149
-65 -154
876 -683
78 211
381 -959
967 322
381 -543
591 -332
910 134
-678 537
-425 -739
-103 374
-673 -41
287 546
-516 -381
-585 -892
610 274
-873 93
660 -892
989 -989
170 615
664 -499
515 259
930 582
542 413
882 385
-759 838
477 -78
-594 -536
-539 -493
786 494
227 114
929 24
861 -226
-791 -548
846 -970
960 -513
-818 46
753 -1000
-988 -298
-499 -643
-897 -948
-72 -589
158 254
246 -403
-117 -534
32 -580
306 731
-681 128
27 769
408 179
-983 -554
54 827
-299 108
-761 -527
181 695
291 -37
-629 545
-964 -173
-692 -531
-179 -168
869 -312
-978 242
701 -153
-510 447
-164 -333
618 784
779 -551
-778 446
323 -962
995 732
-328 383
31 433
-613 -430
509 868
417 -707
-561 -317
264 -588
438 -251
809 923
-618 974
-87 187
-176 -168
-342 -195
-165 -728
693 226
439 -710
-436 74
638 262
-209 -219
-961 -412
605 657
803 -769
786 -267
-148 -37
-914 -691
218 -639
894 -47
-566 -432
313 -84
413 -527
202 -340
-66 669
-402 -420
-252 -627
-629 -824
-49 -641
-870 805
759 -472
-700 -408
-259 -643
115 82
716 -452
-632 -418
-840 -844
646 -141
484 -385
826 215
440 688
-628 -113
-155 -971
-758 354
-928 607
-740 48
361 -634
-666 209
-320 -380
-152 951
-118 976
-663 83
-546 -460
-729 -628
-867 430
276 -493
-880 -485
-571 -376
-778 -153
-52 -136
189 653
665 -280
969 -869
-238 -463
565 -310
-409 208
-577 697
-64 -488
278 326
886 855
296 -918
-568 -467
561 -148
-86 662
814 -853
-55 333
-996 33
-704 -424
-955 411
-448 -401
101 -877
710 -175
557 256
-398 -796
574 786
135 60
183 817
-280 -930
398 152
-156 -752
-335 -983
57 909
289 713
710 -735
-554 -879
-826 43
200 70
179 -578
-209 -839
96 568
473 384
-726 -496
362 790
-874 -512
-750 -423
-387 -537
871 531
32 -478
-432 -679
181 277
812 -548
676 -880
-997 -496
340 529
-425 -65
-459 774
785 -130
306 743
-882 571
-998 -140
262 220
-695 702
-329 -854
173 308
-83 110
158 -720
959 -998
773 -973
589 754
-16 820
650 573
664 -649
-278 -866
-949 -830
979 -914
515 581
-186 -165
-579 535
-555 407
-146 -741
556 786
-835 -51
-866 -614
-569 648
-820 -448
-390 374
969 -953
175 -407
-980 207
871 -878
939 267
29 -606
-631 -197
-342 947
-694 560
-688 -802
-8 463
-251 310
-978 -719
112 -304
344 158
782 -94
847 -689
673 810
-885 -417
635 -792
328 950
473 -65
476 -408
67 410
603 792
994 -14
-650 622
-502 988
-377 303
101 905
398 -637
526 11
840 -842
580 865
803 -87
240 -478
48 213
291 394
-71 324
-586 645
-118 -837
-572 -613
-604 -577
309 -653
-625 -821
-575 -90
-976 278
-140 403
-268 -381
116 854
-31 950
804 -187
678 -978
514 105
-25 413
756 -412
-760 -38
-388 -518
-593 331
725 1
664 -513
-669 -959
991 -154
112 -386
802 859
950 498
-713 -57
-710 489
-792 566
990 -996
110 768
-139 -185
-851 -473
-68 149
-342 70
279 -736
135 -815
-533 738
-408 621
397 218
41 -914
-596 727
349 -222
-121 -384
-898 64
130 124
891 -902
-554 -552
976 667
-109 523
594 -840
274 626
674 -28
25 179
-134 291
872 -301
-165 -544
-434 658
-437 622
-87 465
-940 925
40 312
-929 -655
265 881
902 651
851 586
-247 61
-753 -544
906 -189
-807 -712
-309 845
884 -928
422 -751
-1 886
472 -914
339 631
439 676
552 -647
-838 625
88 935
-64 -908
-217 -200
865 -563
-485 -9
711 2
-895 -186
635 307
-435 208
-753 -174
140 683
-595 986
-902 -360
179 450
735 -603
-144 407
-33 217
570 -278
681 476
376 -533
-414 37
159 955
-960 23
-934 111
-397 -96
-755 643
-510 789
-188 570
-221 -979
-673 270
128 340
577 -4
-902 344
-642 422
666 427
5 409
155 -66
564 48
-646 -467
321 -712
-587 148
-103 -896
-870 -869
-884 -437
635 -212
-966 -575
-149 -608
893 594
415 -265
973 -708
461 -954
249 314
22 754
-234 -693
-515 -84
-26 297
722 425
-913 -620
416 -726
477 -103
-308 -974
-688 -667
842 510
-226 555
-992 -18
-759 -166
918 -585
137 473
-988 -995
-400 20
344 78
-134 -505
820 -606
784 445
873 -211
149 -111
63 -228
-939 903
9 363
-196 -851
-901 -340
239 93
242 761
334 636
-173 -448
-241 101
-740 851
-993 -525
887 952
-608 -453
667 -534
12 810
530 262
66 570
975 29
590 812
-854 717
718 -395
-179 879
782 64
186 441
-12 -273
407 -231
-804 -377
-109 -307
847 -934
-96 -425
794 -102
-512 -46
-362 989
-657 -950
383 -761
784 54
514 -800
38 490
967 -428
885 -965
-360 -687
901 -344
937 373
576 620
461 -845
-746 -841
-967 816
338 43
420 -493
-113 -129
576 -44
542 328
278 -240
537 981
-850 -98
-17 -809
605 947
640 -62
72 591
42 -307
128 -89
545 -474
-493 -570
-571 -325
-52 -303
511 245
-227 -439
-655 -128
-326 -587
-367 -378
885 -902
-242 -562
-801 -877
75 -269
361 525
242 -192
-794 58
-672 526
324 -697
-343 132
-199 -127
189 28
306 -751
789 -820
849 -536
-575 -917
594 -327
-135 336
-405 -602
-661 400
302 388
-246 -299
-241 -116
783 391
267 83
534 667
205 711
275 -695
-184 -157
-460 -925
-809 -429
-509 -610
-964 397
569 179
153 864
677 -25
-697 -334
-231 -577
373 724
969 581
69 492
-569 -727
-325 818
768 112
-250 -991
-705 999
-634 -36
81 -716
191 742
624 -87
262 72
369 259
588 995
166 -704
208 -842
-847 -335
-779 -469
303 468
-247 42
-649 -485
503 168
438 642
10 328
-34 -736
-691 590
713 277
832 715
-432 -921
329 342
-831 -524
214 -547
354 -683
-555 842
-327 165
74 -874
-797 -939
496 570
320 -54
501 567
377 -1000
228 408
824 -429
305 169
96 992
-222 -319
250 886
-907 -244
437 -308
-22 138
610 733
926 449
572 -92
195 418
-90 556
157 -792
-18 -888
708 134
-793 -40
-24 -276
600 -695
-932 -585
997 -317
-902 -515
-67 518
-995 413
615 835
209 -18
-4 750
-291 932
-708 -124
-461 496
-733 -572
-427 714
-521 798
-780 798
451 396
-203 582
-415 511
-205 -760
389 577
420 -713
216 371
-556 -434
672 501
-294 -836
148 332
-781 -48
94 597
-882 -560
-624 253
493 57
597 -731
245 674
-495 586
661 734
98 -883
-352 -666
901 -297
-161 5
187 578
-88 -643
-376 683
-863 -88
474 -945
-579 650
767 276
351 -859
-650 -111
-654 308
433 314
-298 955
-979 278
796 570
647 -210
328 233
421 781
582 443
982 -616
-22 554
-598 -625
-95 833
574 -701
947 -525
33 -377
-900 -527
757 73
502 816
600 902
236 -692
-317 -418
-434 -353
-573 34
-765 -773
-978 -70
-646 -905
-14 327
-250 -782
-164 -730
347 -734
-146 -974
371 79
-980 -700
-870 106
506 542
-978 -307
362 417
-891 -466
486 808
916 -372
-793 -113
704 353
465 -661
-319 -555
717 40
-954 809
-838 -384
272 -133
637 249
-621 85
-634 332
92 794
70 38
-302 647
-312 936
-122 699
-579 599
-673 -396
-353 664
-114 -196
-169 -110
-122 241
-325 -672
-742 597
295 -127
-169 896
368 401
401 -773
610 0
1 -413
-638 -811
-30 -717
284 874
-431 470
-418 853
-253 -503
-862 -586
-676 968
-513 771
-841 -136
668 742
437 -55
-262 868
-28 -625
265 388
485 835
220 -428
660 -283
-859 -893
-565 264
73 -419
399 -171
937 158
314 44
-824 896
-655 464
834 618
565 -230
233 492
-868 -317
-595 -867
-73 -14
168 -775
-996 732
817 503
880 -793
881 656
-63 -806
-546 -448
433 -25
176 260
31 -221
771 -42
-403 438
745 35
-140 255
285 154
-789 -39
-354 285
-588 -882
300 -49
563 845
-299 -959
220 -759
513 587
-110 682
-101 -201
-131 476
-925 846
-800 -85
-384 273
407 129
-706 271
-293 -751
-595 104
750 917
-792 -721
-261 -624
885 -789
996 -967
-962 -472
-593 -330
-155 -537
898 955
-406 -44
-285 545
423 -984
294 -4
-285 474
-511 -904
423 -277
-501 -528
617 327
766 278
31 377
67 -434
-977 428
363 826
-233 117
868 -814
42 218
482 42
-748 -562
372 -777
948 798
-848 -444
-92 -186
-648 -200
574 -86
-995 741
-518 207
290 -860
-561 -37
-842 519
-711 -528
-623 -578
-974 253
958 540
-749 209
-569 505
547 -838
249 667
-11 -602
633 252
290 721
-693 76
530 304
73 -422
-644 -218
475 591
-925 -401
-661 -175
957 -392
-51 -648
-514 -986
-346 544
522 -705
724 -302
-850 -838
-335 -49
893 -950
-765 -188
59 -344
999 152
936 -855
334 -297
-779 294
-11 714
190 208
-613 459
163 617
437 -665
639 -96
165 567
275 967
428 566
172 260
-399 103
-376 324
769 -179
503 -334
834 -22
493 -819
-571 478
-174 569
990 682
973 586
358 -79
239 324
-903 -126
-110 481
818 135
-701 261
738 290
-349 250
764 985
43 -695
-898 -81
773 -313
374 759
-223 -669
-845 -561
988 -296
172 -172
51 450
-612 900
-458 -509
888 -575
-269 -288
-72 713
-67 -541
-556 774
-961 960
-123 124
-326 -11
249 -994
-297 369
689 -846
408 -716
-763 276
637 823
-939 511
-611 722
-242 -891
-227 767
710 823
-934 -276
907 297
6 975
203 -678
778 757
857 18
-475 -751
104 610
766 967
-532 -693
-228 -101
-246 568
626 471
-107 -784
-165 473
989 46
129 -629
648 -969
-117 -796
-426 -911
-12 726
40 191
40 -41
391 194
-93 -496
0 476
429 -665
753 123
-116 719
-639 -52
-677 127
-244 -373
335 255
721 55
-354 -822
-189 434
480 -46
-861 178
563 101
-860 917
-675 -766
-541 239
-164 -453
965 -516
-787 -16
454 -945
-396 508
980 -5
31 -8
-814 -508
-914 -638
-835 -990
-607 -546
-62 -810
-183 226
554 -170
-259 363
-725 397
130 -895
-224 770
-155 341
-504 -596
-51 -77
-438 107
328 -876
-212 -151
579 433
-472 -814
-290 -361
-604 -102
151 -427
-5 -778
382 -274
654 231
340 -957
277 751
800 873
-689 -569
-792 124
-483 -73
-470 612
-517 -718
-846 -79
-817 457
-940 -617
-613 799
997 665
-541 372
470 -537
-276 -654
506 171
-388 -611
-322 816
329 -238
673 -72
441 534
-814 -955
-312 -824
-313 528
886 -129
247 -64
-551 -392
702 -490
-918 -467
155 -531
413 -670
782 352
22 -163
-420 172
402 574
-957 -707
-435 -557
408 -175
161 585
212 680
-697 -649
28 645
-185 706
733 741
630 -611
885 -168
-111 172
-559 816
857 -410
415 251
603 -476
909 -326
-442 692
-258 -253
395 652
-279 -997
-920 -766
-261 -299
752 -848
840 -472
-783 -185
-834 301
-902 -88
813 -719
759 432
-356 -368
487 -822
761 437
-999 -50
-284 -425
636 53
-381 602
937 -15
939 -543
-527 259
-743 177
-632 -242
-779 908
-397 745
837 -885
46 277
892 950
803 185
-325 593
440 441
-644 -359
392 -438
-823 305
-453 443
-606 319
972 -630
-547 -863
428 -697
471 895
355 372
700 -914
-922 -73
720 988
-278 -919
710 561
90 -84
681 -332
-222 -98
-23 -280
860 -108
-501 387
611 -389
31 53
270 592
-275 198
-707 -37
798 39
-489 -743
995 -302
-666 -412
296 -854
-129 -756
695 889
478 -201
821 641
-952 -830
-975 -160
476 -707
-859 -909
227 473
-610 -965
-950 206
298 -990
-322 303
-893 -646
-657 1000
107 -70
507 -823
-406 -580
-70 505
232 -35
-828 -7
-183 -910
-18 564
-844 -825
-721 522
-50 928
493 112
-596 -867
65 -277
-144 -345
961 -79
-214 -771
353 -988
225 802
-720 993
872 493
-93 -305
-551 128
-566 -5
454 263
832 -89
-130 418
-167 -953
359 -493
277 645
935 -907
950 694
950 -465
207 528
-99 -405
237 740
828 -776
-882 50
388 17
-874 -665
-327 -585
868 -645
-301 752
2 730
-994 255
898 489
318 816
22 -179
-964 -331
-599 384
-398 496
835 743
748 -497
-701 546
-16 107
120 -690
988 749
-308 -725
893 -499
398 378
729 -177
484 848
234 -251
-88 477
645 -821
-362 376
347 -529
441 -465
-79 154
-718 427
-210 -382
510 -203
-798 726
-643 507
-245 0
-922 810
50 518
32 540
-122 -270
-255 -170
-483 -252
871 -887
91 -832
-14 -753
1000 602
-197 111
618 596
21 -576
898 -502
950 -59
-998 232
752 185
163 348
444 -560
-723 843
420 154
85 -122
606 333
651 -734
850 456
750 -89
506 49
879 -386
-445 769
529 -425
659 721
-91 -528
-373 -904
-352 658
588 244
-22 961
-797 716
-858 647
-658 52
-924 -458
401 -491
914 443
125 373
-741 -421
472 -193
-963 -683
644 -151
-636 924
817 -364
532 615
-474 56
805 -486
416 748
-227 99
-282 971
179 832
-748 965
735 245
830 499
846 268
428 -514
-595 -597
-654 13
-753 503
-484 86
214 -217
835 714
-659 840
-489 -288
16 -715
-539 -61
968 -666
-421 -539
-32 637
659 946
-158 -516
476 502
-132 803
401 -462
816 462
-516 -304
661 122
-577 693
204 617
-878 222
661 -296
220 -639
179 315
717 -6
789 983
-928 518
133 -647
-985 -10
514 -29
-200 121
-600 -505
697 -835
647 -658
-114 -340
720 135
861 47
107 655
476 -74
-21 44
-553 -638
440 -438
930 346
37 9
60 144
-112 -755
763 148
-219 124
502 646
9 935
-331 594
-25 -258
405 148
-638 808
373 471
-681 -788
-314 -734
-926 -232
730 -920
830 -750
-324 -67
-114 -988
968 947
-26 1
186 725
781 -753
909 609
-82 638
865 603
349 -246
-145 879
-920 514
-652 -473
805 21
-818 979
329 -342
694 -362
-98 -305
-739 551
484 -738
-138 242
656 240
-505 -223
626 -631
-98 134
-906 113
609 -593
609 948
940 999
-185 412
-652 -340
441 527
-674 834
924 138
-761 523
-591 -68
-186 207
-755 -624
-108 -292
336 -916
919 -340
-638 513
46 39
-530 -997
-810 750
915 838
-452 -585
898 104
84 381
670 -685
-6 -941
-953 652
-181 -918
91 -25
-86 -597
-247 878
32 808
-887 -796
498 714
190 716
-590 859
-416 844
866 220
-340 -441
384 -920
846 -268
70 -416
-240 422
712 125
-927 184
-286 188
249 -568
-352 -64
459 -730
725 -613
334 978
576 -22
886 -182
-211 178
796 431
-114 653
-857 434
-638 878
86 6
-156 -562
-892 963
-322 270
153 -515
394 -472
510 750
239 977
-275 352
212 -947
835 262
500 436
416 756
-257 -649
-354 960
-689 -743
151 512
965 969
-368 639
136 607
-301 -267
459 890
206 67
-346 -209
432 336
-44 -304
-819 277
-814 340
-58 -1
745 -21
131 -974
-598 -961
-859 20
550 -955
601 -908
773 -642
-629 269
654 472
366 -453
944 -699
196 962
-992 254
788 51
414 589
572 33
506 -859
-753 -648
106 -629
-128 -772
210 149
-561 23
-506 31
669 -257
531 659
-917 -784
749 409
-586 -113
-513 477
846 -378
-481 -191
-75 -229
-278 -151
989 845
818 264
-426 642
764 297
-114 -49
-404 -32
-854 196
223 -856
477 769
-800 -379
695 -687
284 869
145 46
895 187
-40 -229
112 -289
715 916
-999 583
-633 960
-938 35
122 413
174 316
-913 872
817 -15
-876 -181
-98 -480
346 -487
203 490
425 -83
-123 675
440 -359
-606 -966
-765 693
-134 -855
479 -47
22 398
-610 -610
-409 -161
-237 758
-630 -677
-540 692
573 -308
691 766
703 -277
-800 -451
988 769
-95 -104
469 813
-588 813
-316 -900
-643 647
