5140
268 -179
-210 -554
932 668
-710 -868
264 692
-331 490
-195 580
-223 563
11 -834
130 -67
-185 -451
560 -781
530 -10
92 430
-507 -780
509 778
166 568
707 -268
70 -823
-660 590
309 573
162 729
-885 929
458 -669
-184 674
-451 -778
-1000 93
502 569
428 965
495 293
701 -498
-341 67
786 506
-147 -491
20 -671
347 -913
52 622
543 201
-971 -395
-896 -389
-460 565
887 488
202 -460
-876 623
851 -284
908 811
-597 272
388 131
-605 462
-112 -844
98 -142
258 -430
-708 71
-326 261
-285 214
410 -147
-895 586
-431 -15
81 -301
-398 95
574 869
556 -407
-922 -45
-700 492
-870 -519
185 572
245 -283
729 204
842 1000
-105 -798
-284 820
-905 -881
927 684
-211 -538
-637 741
-659 -511
-890 -80
-764 -355
262 -653
342 -197
498 11
-896 -610
-189 506
-133 -751
876 -963
-61 728
959 -288
777 -435
272 369
-480 471
-420 -296
-636 911
89 927
46 -238
-341 -196
-270 -258
926 -278
-342 -480
-727 -27
178 975
250 -954
-94 -421
779 685
-863 -668
-253 -78
727 254
-150 395
308 18
359 302
519 -290
-273 48
-385 -405
384 639
-251 685
-523 -737
659 -400
653 -934
-159 32
414 316
956 -750
-258 -725
-838 -216
203 -641
751 918
79 -913
924 -256
532 -524
-773 252
856 -500
734 346
383 141
846 -967
-815 -150
-639 -565
-643 899
132 108
-431 483
579 -116
-903 -254
490 64
672 36
-945 552
-417 710
210 80
-591 830
88 -468
-323 -141
582 270
487 -146
910 610
438 -195
-23 -382
-986 669
-144 635
637 646
-320 -583
96 -330
24 -875
820 878
274 -233
923 652
557 -905
665 67
-703 185
-315 -45
-369 814
876 -492
232 -861
-222 810
408 -530
-423 -424
-607 -647
444 -425
952 901
641 680
-164 749
-1000 -559
-566 88
-334 192
-77 -896
275 -863
244 -539
-309 406
551 -746
-26 203
600 -181
971 -737
64 67
686 -83
-791 95
843 -23
-769 -551
697 845
545 697
-523 -779
596 536
756 827
136 449
-187 724
436 616
-602 -60
651 -159
-684 -510
363 -370
335 544
96 74
679 -516
846 -937
-374 -673
919 934
518 -523
-921 -694
-764 272
-636 -354
-534 -226
-729 605
-232 285
449 416
-662 201
-206 269
873 54
-972 -621
579 -564
-450 -207
586 695
-914 -806
-809 793
-604 202
362 342
-422 684
449 950
-493 132
-214 -26
-256 808
-763 -550
-611 -275
-649 887
553 -176
-842 -662
943 767
493 -390
539 450
-228 918
955 136
64 156
-810 3
456 -234
-319 657
-630 -355
-939 -453
-112 -736
78 156
-958 -542
-220 655
728 626
704 628
-297 837
698 930
-243 -725
738 496
-268 220
41 -66
928 -166
-99 -624
-18 -236
-445 717
-113 809
-8 -624
-742 -978
-53 -382
-124 -935
-571 -132
-362 -885
369 205
-247 195
519 -34
525 716
282 -109
865 -414
956 -116
242 -639
132 772
13 74
-908 263
-577 485
246 -505
584 -911
-129 583
-859 -173
619 -483
594 -198
586 412
-218 -241
178 680
-341 -213
-157 -946
-243 -182
-551 27
927 13
163 -433
-264 -889
-312 692
834 227
-384 949
855 -879
-567 901
-974 616
-122 609
986 -692
954 955
-48 442
652 714
392 122
-823 -831
219 -957
869 832
207 139
-497 -77
389 632
481 -288
-79 137
636 -210
-38 461
-69 -223
-992 -93
-958 -70
-417 593
-937 -508
297 -557
168 -49
-214 -429
816 -29
-964 917
-990 39
74 -493
508 -902
-579 577
833 -168
433 332
-546 -175
-124 905
-989 371
58 502
214 729
-537 514
-286 290
845 988
-182 -995
821 378
161 830
811 939
802 -747
712 -151
-567 258
4 533
42 847
798 -131
827 416
-291 192
18 414
242 827
-666 -662
216 -270
593 988
-341 -777
-819 -574
300 877
275 3
-85 -932
-349 331
225 -330
909 489
874 864
678 -388
928 722
-497 725
152 -564
157 146
317 -809
289 -307
-938 827
155 644
-635 -354
-547 -301
653 213
202 854
335 -541
541 885
-951 -121
829 -245
891 947
31 124
618 542
-645 526
724 -548
-555 -295
307 -601
672 -585
-606 614
386 902
-795 -176
-958 -953
-823 -304
-575 38
-683 591
316 17
952 -354
998 376
448 762
809 198
349 -747
384 828
-421 199
-355 537
607 617
-31 321
-844 420
434 -945
28 -764
-595 -824
-659 -717
-838 415
-229 276
303 156
-941 406
-712 -684
-314 749
-491 546
-254 89
-390 806
-913 -736
-64 147
97 43
-184 159
-293 377
571 -433
-853 242
-330 917
300 606
716 -909
517 70
418 -977
480 -487
-108 938
-304 -932
3 51
-1 970
-934 129
-191 -681
-893 995
-455 528
-859 -400
194 583
427 80
-969 -307
-941 700
563 144
635 -555
-304 -453
-914 -993
-599 -666
803 -402
220 -350
-422 356
917 486
69 105
-529 409
-553 542
690 312
567 611
907 160
161 -765
-583 158
-202 -324
-254 485
-267 771
-85 -850
320 764
-828 -38
941 -701
894 -216
-798 993
445 -499
601 -595
62 -322
641 -879
889 463
-51 -120
401 441
-868 -608
-325 -127
-452 -740
191 149
-320 -938
231 930
228 -584
-335 -480
84 -194
-18 899
575 645
870 943
30 -362
418 -893
676 709
-550 -918
-622 -296
362 804
-379 649
556 750
-886 -530
752 -11
-499 -890
626 -750
-738 -868
-517 -11
-726 573
451 -783
222 -5
-825 791
-203 946
856 -851
-228 936
-643 -554
-161 353
499 -361
-806 -837
497 355
-970 466
724 309
-288 -464
390 -744
937 434
253 -159
834 360
-734 -693
880 687
-760 -799
-722 123
-895 -393
-966 -32
-802 696
744 556
5 -443
918 -832
-881 733
140 -124
850 247
-205 390
763 9
-469 895
-220 -440
438 -83
960 -440
960 974
-833 143
696 -290
-704 65
-169 172
668 544
-469 -222
-237 191
813 934
-866 907
-476 -627
-657 -282
240 -593
443 996
-24 -695
930 -403
612 61
570 -217
311 -801
200 357
820 496
-381 479
-823 827
527 -205
-892 407
183 414
-482 -184
-556 628
-714 -385
358 -455
71 -476
844 -959
545 -453
470 874
589 763
319 870
-162 930
776 -210
-670 -340
-279 679
901 -483
586 -751
-450 186
387 758
-896 -840
54 -254
-499 306
-532 85
441 -378
170 -109
717 -794
277 -782
639 -908
617 606
-549 346
794 -395
-344 -186
-276 -343
608 894
170 403
-35 428
-615 -519
-314 -201
349 360
-114 268
18 997
819 623
547 169
46 347
-629 -857
-984 649
663 -906
340 -136
-182 -86
749 746
-143 -560
-884 846
-714 854
80 154
96 -446
116 -682
70 4
25 -58
-804 500
-873 -794
154 164
406 -195
528 -167
-675 385
727 569
-355 -720
-924 818
613 585
126 -744
627 498
483 -678
-647 -836
303 639
132 -519
534 444
942 385
-438 217
901 -973
-208 320
-370 907
5 545
-360 -114
-38 451
-85 -413
-886 376
-553 -880
-109 -377
155 457
60 954
74 -716
295 -965
481 171
735 955
304 482
906 -743
288 83
191 -517
363 -505
-237 -442
-744 -458
-621 413
524 -280
-865 -653
833 -797
528 -321
-42 -134
916 307
824 -486
-671 -225
310 -95
499 -329
924 -371
-482 170
511 758
-184 282
642 -439
443 -885
291 307
933 -614
514 -706
941 -21
687 866
382 -618
988 -653
-341 -585
-630 -509
766 -109
-446 -594
492 221
-347 -597
623 -326
-765 -450
796 -670
189 107
-375 -261
183 -363
875 -456
-198 -381
878 -368
-934 -518
453 -723
-682 552
-345 -224
729 228
955 -587
-881 -786
-972 613
695 127
310 54
-901 -533
613 -699
226 382
527 -683
-362 -476
-318 -673
-656 204
380 -552
309 644
-447 -260
-613 236
249 -408
876 -481
641 313
-775 -991
-239 -534
675 -936
-832 334
291 911
-769 -913
-333 200
521 -641
682 -514
-23 -882
-440 -111
-101 -449
-240 624
-910 -333
760 -101
-4 404
274 -359
-834 197
490 664
-642 775
-342 -81
20 943
-639 909
525 -986
-327 -98
-8 531
-868 142
678 899
631 807
775 316
662 -988
644 854
764 692
-528 604
208 -448
-777 -394
-527 -36
850 -416
339 353
-904 -134
-2 746
807 -97
888 328
655 -497
-939 726
-757 -889
-682 312
-182 320
-770 929
-774 -727
-102 -502
-960 920
-748 -309
48 -543
-226 -373
226 -839
-858 -10
-171 233
-346 308
828 565
613 516
-134 -525
-84 -417
965 -4
-900 773
-997 -624
-155 -647
392 224
-896 -320
756 -485
-957 346
403 -950
-677 678
28 -606
16 -161
-803 -949
-714 72
-407 202
-924 938
-839 479
-963 -693
-580 -141
334 -18
-192 -184
-926 636
-232 629
-617 398
122 -934
-353 326
-650 794
351 460
-201 -210
784 -306
-396 -585
-523 -863
-282 495
725 -675
448 -823
212 -729
-194 301
727 445
73 -678
371 -348
-5 -979
-655 -886
738 -906
634 -761
-218 166
-310 -202
840 -952
260 -943
171 -894
158 -256
-215 988
-327 313
-758 169
942 592
773 -249
-763 -97
-84 -777
731 893
791 89
1 96
-680 284
-296 -34
846 -832
646 613
27 924
109 711
287 -216
-386 928
-403 -370
-669 -398
423 310
-966 -902
-680 577
421 310
578 -625
184 -961
-844 -204
-630 -100
-603 236
-307 -554
602 -796
-193 -960
-920 -762
-311 974
4 -100
89 -979
601 -578
-342 471
-992 693
-655 -78
-644 568
556 -220
156 -831
-662 -675
867 31
-739 172
-321 -854
-16 916
-419 -705
-29 -712
911 -775
-431 618
-958 -784
912 -927
-860 -101
276 -398
824 -53
523 -419
15 -762
306 3
139 715
-401 -476
923 -359
-749 637
13 907
363 592
-921 461
-362 -650
-500 639
-887 226
-657 847
738 -526
562 -553
512 -149
-415 656
-494 941
178 153
-954 799
-953 966
-841 -85
928 -212
509 405
-357 345
-137 292
545 160
91 -811
-42 555
633 618
374 -20
-210 -713
655 905
204 -941
90 -882
252 -895
-276 559
112 -227
-1000 111
26 -726
230 617
709 -733
398 -524
354 -228
-59 -905
-120 464
-645 -789
-147 -65
11 -225
-1000 670
355 -466
-386 -704
662 746
779 -998
-784 -205
-458 -29
-241 -588
-621 -749
-865 957
-340 348
808 -388
296 -709
-139 -200
368 -693
569 98
-929 -693
-402 91
-810 612
18 -843
234 -667
-301 761
977 848
-918 274
939 -628
335 392
-801 264
-166 -98
746 -152
584 824
-52 -232
-189 759
59 705
-849 -513
-54 482
146 810
-573 992
-47 136
-514 725
-416 249
-573 -278
-5 -677
-595 -144
-754 -250
835 284
17 -37
-736 684
726 -912
-564 442
-174 -753
-21 851
-847 532
905 522
701 -193
743 -955
31 882
521 -705
-36 930
-329 -72
599 -479
776 86
520 -817
-841 15
-500 4
394 -184
456 -509
899 -620
-104 285
-341 216
712 -775
945 -671
54 -967
-734 -249
-834 635
-715 472
979 396
-885 -375
221 -380
902 960
661 -355
-943 -200
645 -525
936 86
-387 917
177 270
-695 357
440 -155
469 339
705 439
928 -537
521 -341
960 415
-119 635
748 799
-292 -349
344 583
95 -751
553 865
788 -548
-266 700
24 -199
348 88
680 -184
-253 -167
-317 -312
-266 -930
-873 200
-816 98
-556 888
861 395
564 -286
-834 458
327 717
164 363
-247 161
-49 580
488 -881
-331 445
80 -452
678 312
-805 85
-549 136
-475 -410
-373 -249
78 563
127 -444
-9 787
648 -865
-971 797
897 -871
-293 390
-458 -655
522 15
500 935
-639 286
-960 210
-171 774
106 788
330 -709
763 -773
409 -143
-946 -681
-326 -605
700 716
827 970
234 454
974 764
794 -694
512 494
-605 -172
215 276
920 200
19 208
-181 861
654 930
456 501
77 967
265 -508
193 697
199 722
869 -280
784 -425
349 -67
-399 248
758 -956
-835 867
-555 -379
613 59
-515 -974
-108 -238
476 -947
403 344
402 196
609 -892
156 -27
-540 -134
-888 -957
-230 -716
795 927
251 581
869 983
-408 579
-321 430
-893 -49
405 701
924 790
140 -111
187 -958
-268 -563
-731 370
267 913
355 632
-932 9
-976 -189
-490 603
-639 -172
693 -859
368 -159
-267 -859
-512 794
1 970
847 942
132 -344
-154 54
828 396
708 -237
349 -528
837 694
170 -379
-978 -356
100 137
503 749
-823 -440
-649 -874
-169 847
-747 416
70 -558
-499 904
559 446
-359 321
68 -512
-403 -734
182 848
-722 -104
925 -952
-618 -53
-42 503
-436 -106
-784 -478
-487 -328
716 -907
-61 -621
532 -793
955 -804
-470 178
233 228
671 -656
738 530
-805 771
-178 591
52 227
-670 197
-176 42
-286 -945
-88 -940
709 -806
-291 -503
236 82
438 -237
699 743
386 31
120 926
-156 98
572 891
-27 133
-904 -24
706 698
562 745
169 369
457 -55
121 970
-741 -977
139 221
578 320
135 774
-288 707
-789 -767
-411 699
297 -664
129 467
-732 -960
665 457
-537 267
-323 700
-68 595
7 129
-289 -993
745 236
-103 -932
269 730
-702 -581
292 -339
-177 -192
116 197
-523 -131
-424 -915
-945 137
440 18
129 305
-48 512
-269 -403
305 888
-173 252
185 -68
752 266
-663 538
379 672
-437 433
-804 793
-225 -855
-413 -989
-48 -410
-580 977
140 257
412 -949
-106 -562
954 -635
-960 403
-933 623
-220 -667
-261 -512
-520 477
-979 296
-742 -482
-746 -847
81 31
175 291
142 -100
735 846
-410 689
-444 -17
903 -39
692 465
875 862
-308 951
459 -898
-209 931
814 853
95 -91
126 -476
-534 980
-208 616
-128 -874
-957 -207
51 712
-927 -524
-392 824
-843 703
-652 -2
-106 -319
158 -688
284 -737
984 -434
-597 192
-448 858
992 -977
-787 592
-114 494
-58 485
-22 327
-538 204
316 337
17 -705
254 -305
713 349
-717 767
580 205
-499 -332
-64 29
-547 198
312 734
913 584
843 885
-925 -653
-861 945
669 366
815 444
-670 -617
25 -744
566 307
-218 -159
-249 709
-301 -895
881 -535
-820 309
-140 868
407 -577
574 -469
-313 143
-92 -745
483 -176
996 -575
-756 567
-630 -221
893 924
349 246
-575 843
-907 -525
-799 -326
996 134
-870 -762
-439 -186
-610 700
427 740
883 -282
-561 -581
-235 -172
-811 -434
942 -821
-287 -453
565 75
465 -122
-374 -9
102 -851
-959 -306
-121 -984
146 679
847 -403
584 -358
291 321
-362 641
297 -670
671 133
-622 287
666 567
967 31
688 -692
885 -907
-821 -367
-553 -975
-907 -351
-318 942
720 -709
-830 -929
-232 -229
-855 160
-993 -910
519 96
-38 -479
-875 -471
15 616
863 -135
807 305
-368 177
-306 -311
-222 820
-21 -1000
-983 939
441 -610
-16 831
733 -99
-404 15
791 -702
279 603
-67 -140
-945 -71
368 -970
-26 32
-654 -860
517 -904
663 771
-426 87
963 627
-667 -553
531 -275
671 488
702 -587
574 -943
283 -110
217 473
-277 75
-537 529
-491 -53
525 -774
-41 -850
-269 -855
799 -905
827 -942
213 -533
-118 -866
-905 -12
92 960
-10 -10
696 -997
-629 -653
499 185
-896 -611
-897 611
-380 121
-460 -651
549 274
232 960
733 541
-988 -366
-903 -521
-723 438
-754 483
477 -72
-305 800
103 310
-839 -436
-111 694
652 197
988 811
465 -259
-336 -434
8 -167
386 60
-561 -98
-674 795
989 -360
552 291
563 975
-548 -589
395 -886
105 205
-536 745
-517 -994
-48 303
794 205
101 -955
739 77
203 84
-733 610
510 -262
-694 -219
-171 -895
-649 -160
567 -878
-757 516
207 -351
973 46
-480 438
343 -148
627 652
-754 308
-343 7
556 899
-999 -80
856 976
957 -458
754 790
-779 -261
404 -844
706 694
-343 -282
435 -539
-20 562
114 -25
-400 -805
-6 -919
132 -185
-61 296
-940 783
-697 856
-800 655
-949 -432
-198 -594
-685 377
-99 269
960 -522
-896 -324
-281 -231
-774 -551
17 570
-712 -499
74 452
134 198
795 -420
-509 -598
-366 -991
-663 628
-165 -103
-217 -582
-523 657
-55 -651
-175 314
932 355
-877 511
-750 -175
215 904
553 562
-107 -780
102 692
787 190
132 341
-148 -317
-972 -406
-135 -981
472 707
371 171
-842 -433
-418 -664
64 853
962 154
-878 -516
640 175
313 -517
-285 -190
788 -930
230 10
-527 -127
-464 -168
470 765
60 6
859 186
-107 744
936 -537
-612 -712
943 144
-821 -389
970 54
352 177
478 -295
-775 454
-964 107
-306 437
-32 -863
982 697
488 171
341 -915
-950 239
510 -139
3 -752
876 740
45 -864
308 469
-98 484
-551 -124
-411 649
-648 716
-919 -718
920 -132
-151 549
-224 -198
-496 897
-63 895
-774 -996
426 -80
-57 -309
-533 -245
-120 -606
-603 -455
958 952
353 -350
-201 355
909 -243
-11 447
-146 275
363 946
-856 756
-481 251
880 440
92 -167
-866 928
-253 165
-675 -128
833 46
-31 -363
674 -142
-523 -436
-269 -981
234 6
-747 531
32 547
279 470
996 -300
232 -810
-881 -670
-434 856
-269 -494
241 940
-550 771
-219 847
770 -800
-741 594
-146 976
24 -781
-911 -825
-937 897
185 188
351 -84
14 -59
-789 113
519 -279
450 -44
977 324
354 864
-757 673
828 358
-946 -644
-842 84
69 -4
30 -932
559 -900
-237 -421
121 -506
-243 914
-295 655
607 718
-867 574
385 460
-599 736
-931 96
-397 472
-555 620
-527 879
-879 257
710 276
-635 -256
823 -131
-77 -733
31 126
974 -932
-848 325
-777 560
8 -751
-530 -483
-325 -676
-564 880
-162 -261
-270 -448
-89 -21
266 -79
513 185
-514 285
989 676
763 952
-792 -637
-231 227
-913 -718
-402 777
121 57
509 -935
455 164
211 -989
154 -750
523 -760
-383 305
321 65
-680 -591
566 -945
942 100
-717 -126
249 -996
-191 -583
746 670
-112 -127
-254 846
51 -655
-698 -465
-954 666
588 905
695 89
-59 198
-181 -684
-258 956
345 333
107 242
183 -572
-278 19
-542 -548
784 886
729 -507
715 818
-59 798
124 -199
-993 986
867 -491
-158 -765
-953 -474
-435 468
987 759
-476 466
882 -427
221 849
-874 416
-612 959
-702 343
-215 -134
76 475
-404 329
112 -971
-989 -711
-727 80
-399 427
-141 -709
306 -73
627 322
-807 165
-753 -824
551 -987
-371 -394
197 141
-238 -105
645 318
-392 -31
-393 193
828 525
957 -836
-468 579
942 -805
997 -699
-300 -201
-74 175
-603 -443
100 -294
824 903
-997 -29
-60 859
-145 432
-827 -94
-2 -173
515 639
-673 -171
518 772
-410 163
-158 -898
-525 329
178 540
-158 -557
370 -747
182 -436
5 -562
-886 -37
-990 -430
-98 645
-528 194
416 -25
-357 384
289 525
886 171
-351 728
-977 -155
929 -787
430 342
-906 416
-275 970
-385 -462
248 793
738 70
-55 499
687 721
412 -703
709 -791
649 -971
273 -434
-749 -836
-608 -541
-518 -978
-315 -797
168 594
285 289
-747 509
795 -868
-305 350
490 309
-136 897
902 -333
798 -433
755 72
542 409
-168 -880
848 -161
446 192
483 803
-128 857
-609 800
337 7
-792 617
-244 -552
769 -195
971 -442
62 385
-604 786
-277 -751
-375 -169
175 562
-810 -867
-264 259
-408 197
-74 328
-370 774
-671 -708
-461 948
969 -283
-886 401
449 -773
-629 870
-948 -316
-653 -667
305 -537
-676 -124
-405 -447
562 86
-277 696
-162 -852
210 926
-59 -984
560 129
450 50
635 401
541 460
103 -321
-733 -554
-330 805
687 -581
-819 404
42 333
-43 -796
-682 504
556 -168
22 888
282 16
326 -887
305 -408
238 706
973 269
564 -288
531 -756
-654 689
-425 -507
500 492
-55 906
773 -717
416 -10
12 357
593 -765
-394 326
-740 343
69 -455
-840 -900
-381 830
-194 -978
476 923
486 187
362 -495
710 612
838 59
-710 -320
-822 538
58 -690
22 652
-81 -308
304 244
-609 -290
-36 834
37 -195
-22 -154
241 851
140 -93
806 337
311 431
982 1
-595 379
-300 441
-762 476
-833 -333
-329 -450
-192 -618
-229 636
234 -246
-543 571
-333 -396
693 506
-391 -283
968 -775
-327 614
677 714
-764 311
377 -221
542 511
-643 -708
-679 601
395 -562
965 -71
869 -142
736 -942
960 -345
112 -966
-524 -405
327 -134
-195 182
320 490
-617 383
951 455
-894 174
-954 -755
489 -134
420 446
-944 -834
192 239
512 161
528 186
-678 37
420 163
666 -965
809 -333
473 594
809 -718
137 221
842 497
318 48
978 -251
-307 -75
-380 262
716 119
324 503
841 -332
-35 453
517 -83
-581 -128
-422 -523
-230 478
404 -625
906 -825
-23 295
300 -249
876 762
-395 -875
61 308
-92 -580
501 -777
-626 321
756 831
-996 -318
810 795
826 -759
-698 -817
-88 -281
432 -778
-327 -504
-913 -795
-206 467
30 7
529 441
-213 689
953 618
-75 -801
307 772
-132 -380
356 -708
944 -848
-625 -704
865 -263
-70 810
-220 981
934 243
-629 444
-236 589
-464 -39
636 -802
-984 -434
710 328
910 733
1000 216
220 -677
867 585
-806 -913
-168 520
-841 659
911 248
270 -22
464 -589
-574 -374
303 -653
130 361
-955 312
653 519
999 -61
551 -319
-589 -964
-884 -942
-607 -675
-787 -257
-377 110
-261 987
623 -472
-590 929
421 757
-682 -77
231 -195
-525 861
298 -404
953 -161
323 -50
-913 371
979 537
-651 -714
802 -401
-161 -552
222 -817
80 -81
509 -796
865 -363
617 -624
461 -694
-551 -642
-402 -939
-608 473
-169 -601
603 950
218 514
284 -748
218 79
-981 646
685 309
-525 459
-335 631
-182 197
-957 404
342 530
-549 -186
-810 254
-768 -836
200 367
-961 -362
-70 210
571 75
221 -758
772 -863
549 955
-595 15
-735 851
890 -676
179 379
-811 485
-788 -765
207 -174
-601 407
-963 314
71 -565
838 990
517 -337
878 -781
-745 -351
-575 -11
942 274
535 469
-263 935
78 299
-794 213
-743 -235
-486 154
916 227
968 867
-538 -265
-642 -411
662 -927
225 780
-311 264
-356 -981
48 -747
753 -879
466 468
595 766
344 -297
-868 -171
-922 -466
912 -199
-132 515
-599 925
508 748
-412 376
-240 -407
643 414
65 216
-570 236
671 238
488 -897
478 200
766 558
44 44
-694 778
768 559
-428 -972
65 -899
407 708
736 749
198 332
854 -25
-473 291
-518 -611
555 -904
-308 319
-684 520
-606 -760
-36 -191
58 -478
-936 10
133 748
-590 -735
627 -85
83 447
715 795
433 -128
496 -149
-39 -70
260 -228
-280 493
752 355
-12 -427
-936 -766
481 433
491 -371
569 198
325 -580
808 -258
11 631
598 95
221 385
-185 -739
113 183
322 -28
116 557
228 582
693 -584
161 -32
-145 -704
-15 -304
927 -495
-587 -829
-888 566
-301 -473
-793 -27
239 779
-189 -246
-871 -222
-470 -588
34 -986
-731 704
-815 -759
231 133
-420 -176
52 44
-5 -494
219 742
540 -563
-722 359
-404 370
-582 975
968 336
634 449
-802 996
107 761
-605 -604
-454 760
67 655
506 830
455 -32
402 137
-495 -578
98 -510
452 -904
-851 -633
697 -991
-355 647
689 697
493 -598
514 -734
-918 -609
611 -894
-179 820
-854 604
762 -250
128 496
881 200
975 -652
-786 632
478 -957
171 -238
-7 -788
63 115
-145 187
524 414
173 -247
77 241
17 -843
100 346
96 557
583 -46
-550 -506
336 -162
-11 -124
741 -118
965 273
502 -87
-586 -696
-989 679
150 -882
-159 -455
247 355
897 -325
404 49
-686 -950
731 -187
-180 -597
-938 803
65 908
-247 -465
-338 -677
847 -50
406 632
102 -631
-563 920
558 944
628 -785
723 15
729 369
-181 -121
27 -108
-891 392
-561 300
57 689
411 363
933 -277
883 915
145 -357
589 -739
983 -391
-610 477
-86 841
-995 647
796 601
-233 988
-600 787
-279 -689
-871 205
373 326
-550 851
433 -93
642 -277
133 -863
318 -167
394 -159
349 -321
697 -721
717 280
-908 -178
-430 -730
-590 710
863 606
-312 -967
737 383
376 -402
774 -597
-713 542
460 -903
608 182
789 876
-863 -241
328 149
741 465
-775 238
236 553
737 363
537 -560
-365 682
262 32
-278 937
634 -177
944 -394
341 -119
961 -524
697 388
-568 216
-999 -243
-526 -24
-180 49
-689 247
244 -175
-272 -434
215 -891
-613 -643
-563 50
721 28
-785 -725
674 967
-434 931
164 681
-421 425
866 79
198 288
66 -562
-616 -566
714 490
-452 -565
607 570
-16 546
158 615
-781 -394
-38 -901
217 -132
-489 -431
-575 -351
-575 -783
355 -930
775 -306
311 215
873 955
-787 378
440 -1000
751 550
-506 -866
-705 -764
-116 870
67 483
-262 47
-885 -126
-816 -760
144 -708
41 886
-481 953
-411 -59
6 67
964 830
-525 -887
-162 215
-65 464
70 474
-218 568
750 975
918 814
369 772
-28 714
-661 323
994 710
357 458
743 -99
404 709
-99 251
945 235
398 -989
154 -577
-137 -906
742 770
-991 -732
-541 645
288 737
880 -438
877 305
-86 -196
-350 -330
325 82
841 975
-369 -455
-419 -356
662 -470
-168 491
-165 783
291 565
979 79
63 46
576 -432
-195 -950
536 552
87 248
-472 -310
-556 999
860 372
-545 75
-540 -470
17 973
476 -476
-613 202
11 -939
-997 -214
-851 338
-880 199
-854 716
426 852
-201 113
-231 -325
811 -475
98 407
617 -876
821 268
99 -117
-105 -369
183 627
-90 747
-130 -264
906 -977
412 568
734 517
511 -421
-161 -670
115 -280
559 -142
-430 -204
68 318
-863 -377
-975 -38
918 -110
73 -453
-782 407
302 -648
-635 656
-995 -566
982 -570
640 -452
689 37
-597 -808
-650 -580
-32 764
901 473
-377 129
-416 -77
163 598
670 -580
952 -709
845 572
948 989
613 998
382 756
-217 -324
-936 598
-522 -789
-534 -991
215 -599
680 -87
-801 -519
-749 -970
735 207
-948 164
-970 768
-361 348
292 754
966 734
-538 354
855 747
-938 -852
-263 34
939 123
-600 -868
-160 -964
891 724
626 669
650 -729
-81 -534
-670 -907
-41 -316
53 41
368 -474
-282 -487
-379 -23
710 -49
-678 -46
249 466
447 804
23 18
-103 751
-735 -58
337 227
-59 -657
-6 -393
-591 880
644 793
-295 -195
-305 -230
387 -322
-800 653
-307 205
52 704
409 187
-294 -893
428 -648
535 941
919 -50
109 785
384 -413
219 505
697 304
-578 852
-578 -530
-432 943
148 875
797 751
861 886
19 898
-370 810
732 -917
-244 -440
-297 -128
111 669
-218 -613
-351 785
-883 840
688 -98
760 -549
-366 515
-384 -234
319 91
479 -342
904 -208
-606 507
-637 -673
-821 -136
206 24
-197 678
-488 -800
445 109
979 -326
-840 370
725 -390
942 -277
531 701
-622 -607
543 44
406 -938
657 683
748 517
-162 749
854 -71
406 254
777 -64
-577 -33
302 -220
-761 483
-609 -145
465 -922
-427 17
747 -513
-107 -402
799 -530
947 460
841 -197
-923 -567
-335 -569
87 -171
-526 -726
242 932
642 -828
735 -783
-443 313
-696 -884
886 777
847 -278
-728 263
562 -105
294 -953
-530 274
-920 801
-571 316
-10 -503
744 460
794 890
768 911
-998 -8
-871 958
412 41
-253 887
284 24
-473 352
-418 893
-724 660
-29 -581
663 -926
899 -742
159 695
513 16
-118 -897
669 -965
-568 -984
-935 195
-834 -511
50 -996
916 563
-941 -282
954 -249
661 -291
580 661
797 244
-535 641
777 769
99 766
59 442
-150 525
947 468
-51 551
789 386
121 -164
999 698
274 -795
-972 667
-609 544
-387 846
523 -784
296 556
413 -776
-121 -713
903 -259
-492 421
469 677
10 -174
-513 796
443 -564
36 810
434 347
-272 319
236 -18
416 561
935 -951
-573 198
865 123
-865 208
-521 -678
-610 -429
536 -414
265 217
481 760
-169 581
249 887
887 -923
-441 -548
399 -463
891 971
-44 -844
492 125
703 948
539 -19
378 648
-953 -576
-609 661
-829 227
-851 -525
660 605
-998 -563
-906 906
-429 184
508 -814
920 -923
-665 694
197 -533
-722 -731
801 462
-392 482
270 -186
-416 -732
-535 -404
118 -986
571 463
-739 -771
150 -695
436 928
-650 868
748 -917
-6 -823
302 -646
371 445
136 -722
138 -748
571 93
580 126
447 -207
-136 -179
-306 7
767 -225
-959 -539
-900 -141
650 -804
-689 402
-597 -243
-649 -161
384 639
-936 -944
726 12
710 140
-41 436
789 395
-784 735
492 701
441 -882
-575 -82
-355 456
699 -254
603 914
985 863
-279 -181
342 -614
-844 -809
778 896
513 825
175 371
-465 737
-183 -976
724 -673
-125 652
32 634
437 150
818 280
70 -779
296 -871
-363 -893
-1000 -951
731 -858
833 -673
501 948
-572 629
621 -419
107 -379
739 690
-250 -252
-251 978
-632 -575
-747 -571
-976 -588
-367 407
470 -68
946 -761
-538 700
-21 -893
-668 -133
-633 183
-306 -169
516 -78
-219 -830
263 809
587 -656
-684 659
65 474
-775 594
-744 143
-257 -186
-787 660
819 718
801 -780
-396 -88
-63 206
894 971
-423 -868
939 -2
669 -468
-285 -251
202 126
-368 -728
-949 -732
267 -968
-163 475
908 -705
-257 949
-971 -480
250 -83
392 199
-364 370
167 688
212 459
-92 -486
-931 -126
451 -862
582 140
33 685
201 169
-693 -959
803 -108
281 182
-774 762
-772 -998
-740 465
-477 54
604 113
-951 -452
-868 -511
-427 630
-900 372
520 384
853 991
-805 -849
611 613
-497 384
197 -654
14 741
-892 -591
-857 -284
632 -962
-303 650
843 127
-374 787
135 -741
373 787
897 -772
3 -97
-196 -654
-262 -369
-533 -213
371 -519
104 448
-51 -878
143 671
-103 -84
-949 972
-985 472
-17 -274
104 -935
-97 760
-132 268
-628 675
346 125
-937 975
-232 -260
349 -511
-282 -297
-909 -470
101 824
-130 368
-79 194
-358 -81
-230 -812
764 -126
820 -19
61 55
877 -192
-578 -173
935 -499
-51 -621
227 -831
287 -60
192 -808
109 -507
-8 -146
-197 683
-715 803
851 44
341 -190
-759 -800
-819 652
-670 -892
-134 805
-779 -88
60 902
-908 597
-941 826
-548 435
733 121
-863 -352
-269 904
-170 -645
-74 455
63 830
825 792
-161 -779
79 -979
619 -102
-239 -804
157 -757
106 395
-687 829
713 -666
455 461
-376 749
776 324
-877 455
-553 -454
-334 -172
948 -664
678 70
-782 -60
-419 -818
-54 -547
-688 748
-418 -165
468 733
-915 286
186 312
-394 -167
290 -763
-329 221
245 259
-948 718
651 378
-228 -705
-532 372
-264 247
-29 -240
-468 -822
-657 -625
-820 -809
-929 -352
116 -313
873 -231
-939 524
888 826
-928 -41
497 -753
97 -246
798 327
-557 -324
-520 -836
372 -570
172 -154
638 -100
680 -714
-726 198
-221 965
800 -419
-985 -206
-281 594
177 563
274 -943
-508 -409
144 294
-675 726
-944 517
293 988
460 183
-619 -112
-276 -413
-45 159
-87 400
543 -204
-423 -358
309 -48
-986 472
-659 255
443 -940
-576 376
797 -821
-622 -149
-936 570
-111 -995
-157 -767
540 513
-480 868
476 -603
667 -276
202 989
767 -886
-869 -841
98 664
463 -510
141 -736
680 -333
-351 -423
787 -238
-309 -90
744 -947
-993 356
292 -240
325 -336
-864 395
-854 -973
-300 277
361 -235
-667 250
-163 27
-315 -842
759 -242
295 614
139 336
61 -943
32 -713
307 -351
519 640
5 -888
310 81
514 876
932 -91
551 -964
-329 -437
541 -412
-121 -618
63 -332
728 547
-822 599
-178 586
-879 799
-90 55
-97 431
9 421
857 310
115 -952
770 -963
317 -839
-845 181
-32 -397
-618 424
597 -247
-976 156
-481 -125
100 879
607 161
232 704
-537 -725
272 390
907 -481
830 -506
317 251
811 -848
-109 -593
-190 117
-109 791
361 664
6 -426
393 421
240 -438
923 985
-160 -846
231 -795
-198 904
941 -523
873 -286
-331 -928
39 920
495 165
-334 -532
899 -366
311 52
-486 -174
-495 296
-629 -704
-42 -608
216 -953
828 -741
465 -443
-927 -112
372 172
409 549
-227 463
-140 728
-59 -700
470 293
-421 -679
80 513
-71 164
-410 310
-449 -181
576 967
-804 262
360 134
200 -736
-596 -909
272 -310
-780 403
790 956
-108 -55
826 -169
900 -536
691 899
707 -954
41 114
761 -561
28 120
-399 -432
-888 657
97 -521
-127 -389
-562 905
-328 -433
978 -682
785 -370
385 472
542 -934
-37 297
-186 -401
970 -948
-736 910
452 164
-311 28
189 663
172 923
360 -757
-977 -768
760 449
987 -464
736 77
279 -854
-521 -210
-54 -480
-95 -177
-957 546
578 706
70 425
-177 478
443 37
562 -788
-591 -857
519 -14
-1000 286
-720 542
655 672
53 -65
735 -479
-464 -469
710 155
54 33
499 978
-416 456
-555 315
242 469
910 -872
-353 -628
521 846
-377 29
-604 434
-981 -77
61 -930
-948 822
-438 231
339 -114
-697 -581
204 493
-486 213
522 -490
898 -905
896 -58
-141 -560
685 447
960 -545
914 276
920 133
-97 43
-154 -767
771 -613
357 5
-60 882
-936 291
-405 712
256 608
473 610
-448 980
465 -664
-426 -783
-747 492
-553 466
-957 908
516 769
423 -428
-809 61
-15 -989
719 -718
304 -998
-99 -304
668 -135
311 335
-174 831
806 353
489 -870
986 -113
455 -157
676 -109
-441 -819
-557 -50
62 -330
-701 577
-242 -524
-619 895
-34 -628
362 -900
-182 -497
253 -84
-125 -172
-996 991
-722 138
148 567
499 197
9 -454
367 -671
801 336
377 293
120 203
-308 -923
836 -965
-283 695
-185 927
-876 -186
-935 -509
-546 -46
-481 413
901 -899
-106 -580
-650 -394
787 101
-217 138
-611 487
395 -832
-573 -797
-476 -66
739 584
398 410
396 209
131 198
-592 -5
101 -59
402 703
-44 552
964 396
736 872
620 -897
-291 624
194 -501
985 -436
-347 578
-455 817
-350 409
174 273
626 -39
-980 853
720 84
510 -991
-423 -131
929 120
784 75
690 -542
257 751
-620 862
47 -885
-412 -258
-468 -722
-961 419
-800 -161
-440 818
810 875
-964 721
564 616
-868 415
-204 -669
-965 82
-781 199
568 -93
-413 86
212 -221
93 -161
-271 915
-135 931
-61 715
-402 -876
945 516
798 -77
-42 747
293 565
957 -650
-482 -735
-29 -848
263 570
101 -629
-797 683
63 556
62 941
-12 544
391 -543
571 226
97 598
688 -543
-84 -879
-254 -960
251 256
-346 606
937 18
166 948
610 -926
-723 -841
-15 948
-534 283
-401 -588
315 -966
-875 -696
834 -390
-573 144
853 544
-370 -391
332 -364
-762 448
121 620
-27 -562
45 959
-664 430
-118 -397
-325 -57
-367 367
-253 783
455 376
-787 402
208 -341
-809 -279
706 494
208 274
-405 177
882 924
177 -650
861 -177
928 911
-50 -342
112 335
647 -793
-682 -728
-778 -432
659 79
-226 471
-662 -178
375 130
810 -772
-501 669
-357 118
586 807
-670 5
-823 151
-794 587
229 -566
791 -208
-282 366
344 632
744 119
534 898
-186 596
-926 886
136 -474
-533 577
340 -886
886 729
805 -30
-643 -58
278 350
-699 535
913 969
630 -330
-862 65
772 633
956 -623
-883 -445
-803 -650
-411 242
520 -603
500 -189
495 -262
-721 -267
-971 -550
185 621
255 -82
404 -819
-36 700
809 641
667 462
728 -51
10 623
-172 -521
-934 535
173 260
-550 -799
-915 -782
-632 585
155 -715
-886 -644
812 94
-709 581
-572 384
-611 -84
-760 532
-462 605
-125 242
63 984
-10 759
-882 -901
189 -347
-937 -431
-296 209
-618 -57
881 950
-561 978
-562 -130
-757 -706
-979 -679
189 -621
-877 -436
-596 404
71 -261
336 463
867 -821
74 -172
-298 387
-851 284
932 296
-370 -316
180 -657
205 97
-298 538
555 -877
-212 269
-617 -862
-739 -408
-341 -800
-969 976
5 845
962 -829
-322 861
258 446
531 157
255 -762
515 578
-516 -464
-433 -231
433 189
40 -1
289 -62
490 942
-311 -163
-299 817
-246 917
498 93
840 606
211 865
850 38
342 707
391 850
856 799
-12 125
696 669
-122 572
379 -68
-728 151
-517 791
-515 920
438 689
95 395
177 592
-128 711
-215 -499
123 615
140 928
245 269
-159 911
-318 141
22 128
799 -445
-969 417
12 -355
-304 483
-181 698
557 -624
-177 -176
-983 -363
-166 467
170 610
137 -938
998 339
-559 -160
44 470
900 -112
247 320
-277 -795
-595 755
155 606
427 -592
-4 836
-730 -41
-507 957
-179 -299
-626 623
192 -303
-702 -639
-484 28
154 195
-967 242
45 -121
-285 905
-584 252
-597 734
995 -864
-381 460
-510 -503
47 904
-649 939
-689 -346
409 -874
346 -610
441 -808
780 -514
431 798
-382 430
-272 176
1000 209
515 386
653 327
909 730
165 -752
-789 -884
-6 335
842 159
41 535
-724 312
429 -701
-652 -981
-16 -226
-142 -785
931 514
830 574
-653 282
-131 -693
942 -102
589 -224
-260 588
-656 143
531 969
-91 -708
-519 397
-89 38
861 181
-458 315
745 887
868 491
-773 -626
-887 961
223 -461
256 563
-965 -999
-579 -161
961 765
-290 -930
291 -199
913 859
375 166
-650 735
-70 704
-277 -771
-672 718
134 802
-778 343
-849 -153
-445 202
-253 306
692 -53
-347 909
-945 -675
0 -91
-999 252
-896 82
604 -89
835 -801
708 -956
-691 -125
284 -13
-927 -207
874 -769
551 -317
990 -829
-550 528
683 -52
701 419
-226 194
-109 174
-972 888
434 -116
536 138
614 -456
-40 -661
670 671
-354 920
-296 8
-785 676
238 -187
877 67
-993 675
844 526
-955 366
-72 794
-388 812
383 906
-618 -196
-640 416
32 -188
-690 -647
-661 -461
-138 -178
963 -844
-274 -270
189 -106
-747 -48
696 558
-516 -901
387 -810
584 -369
361 994
-70 -7
945 871
311 -331
150 -698
-666 762
776 -552
410 -126
138 -851
-409 197
319 132
-366 575
792 895
-33 585
-995 948
832 466
-909 984
519 -863
97 -236
-128 -340
-107 -922
820 -283
38 161
965 523
-549 -310
926 907
354 830
-86 203
176 192
-697 647
728 155
-954 -285
-703 81
965 -627
283 -475
448 192
-366 -551
-599 -552
512 940
697 592
715 -441
69 981
-208 -670
-463 -149
-807 -837
835 -435
-430 -428
-976 -896
826 -921
-817 -495
336 466
720 -870
-99 772
485 892
-464 -355
947 70
752 739
733 -607
447 -739
-386 -743
-525 -189
825 618
413 478
824 -816
-234 922
-150 122
-859 -676
-85 -227
-596 867
-770 761
456 -643
-606 -351
570 25
575 654
-337 -431
-564 -824
690 807
-122 -529
687 284
68 -940
899 -36
374 819
734 -289
-575 -212
953 -711
401 336
436 64
-242 568
-575 -837
-929 905
-732 568
880 513
900 595
-484 755
223 547
701 271
483 -423
812 686
-363 -262
-103 80
493 -105
197 5
139 -767
477 -250
-888 165
436 -398
-564 -653
-228 15
-627 803
-966 510
-950 -230
-926 -710
909 -478
966 510
-420 -689
-883 671
97 429
-907 -548
962 935
32 833
239 862
961 651
451 807
682 -1
849 642
-116 -541
-327 -112
50 -469
-96 -462
-125 -61
193 443
-946 174
-199 -828
495 486
-222 -506
-307 322
-196 100
-266 -901
-707 805
873 504
944 212
768 723
-784 -223
808 -562
292 791
-130 525
448 486
764 -715
870 -83
712 -303
-36 -564
-475 -932
-760 -25
658 944
-56 118
804 -800
166 -504
-317 747
136 -323
-706 -607
737 -576
-202 806
759 -163
890 -242
-990 563
606 564
-336 -755
-8 -574
-234 -624
-115 -492
-353 -582
907 49
-728 131
427 636
766 617
310 67
-606 -245
-347 -857
970 -424
96 658
203 -908
-703 -193
171 246
-904 632
298 724
325 898
358 782
-95 484
-640 827
751 796
546 -69
260 -207
-356 -603
246 -600
-809 -386
-865 346
171 -329
699 -16
19 -185
295 872
-613 -784
-68 -53
-986 276
112 -491
111 57
-601 -131
539 150
-203 741
-164 -264
-241 126
46 -761
-804 14
-446 -103
303 -117
-284 -164
-259 -403
-516 489
-828 421
285 -610
266 -88
-414 27
41 -293
-496 -87
-551 -79
511 866
-296 -657
700 705
-444 -713
-401 -463
643 187
233 286
-868 946
-386 -126
862 243
509 933
-836 831
892 952
-330 -477
839 279
-417 389
884 -686
-942 229
630 820
339 716
488 267
966 -20
917 -730
-368 -382
308 -159
397 586
657 -241
-397 -317
-727 987
-613 567
767 -260
-147 -989
-735 181
-158 -267
-152 -778
-914 724
-152 -883
169 -455
-677 563
-312 623
866 261
-644 721
480 206
181 225
506 -226
890 -236
50 -5
883 386
376 322
-744 657
-154 -528
-739 662
485 404
943 783
-617 897
942 -270
140 -871
-717 79
640 -333
401 549
95 -566
663 -991
-709 -347
153 296
950 75
560 832
577 378
584 52
-172 -342
-424 -126
957 343
779 298
909 645
-934 823
-708 -366
-311 921
-358 -883
588 -893
-831 -581
-778 491
339 462
-378 -984
453 -878
961 666
-242 157
-867 -272
307 63
48 656
-50 573
-885 -397
711 176
719 774
-507 -303
537 -438
386 -880
-874 -615
988 417
541 -789
-378 671
982 -863
-159 -565
-551 971
50 9
-225 788
482 334
-734 725
-609 -326
-614 55
92 811
878 695
-92 461
-136 -120
-497 424
-173 221
956 78
-171 -459
35 786
364 79
-400 -998
-952 -635
-567 -737
-432 945
399 113
-933 -50
183 -437
370 -340
-731 -204
161 -196
-87 -100
-67 -328
441 255
133 -406
-521 -379
-319 600
6 -30
756 -907
-932 -422
424 -446
992 344
494 837
237 -918
743 -787
786 830
308 -919
716 -15
-775 -964
683 -591
-679 316
563 571
-808 532
186 -584
-708 21
-119 278
313 -957
923 -815
-601 786
-923 431
-895 -205
305 847
511 797
6 -431
-242 -154
-798 270
-98 -180
125 927
791 -181
901 220
774 909
478 -40
-455 273
-796 -912
-190 226
-110 -144
310 -594
-283 -163
973 -970
-712 -533
-149 -862
-751 448
-93 400
139 -635
-65 -405
-917 -336
961 -337
-714 -618
-659 97
-279 60
-779 643
-501 986
-517 -231
-576 -790
935 -852
318 -313
-21 219
-862 588
170 189
-151 -226
-106 -787
-14 -171
812 -97
516 -682
-319 80
81 813
-46 802
-748 515
117 -409
52 152
78 716
506 -664
-591 -165
57 469
634 525
-16 -461
-304 811
124 697
-399 859
342 -462
215 -944
-820 -88
847 399
100 394
830 -614
233 -497
14 -80
430 -987
354 -631
-247 507
-281 -145
-870 63
-59 -220
68 449
-147 -236
-918 512
821 -74
-407 -858
-685 -266
722 845
216 -953
-64 -399
-149 -259
819 843
-525 556
101 354
-565 -492
17 203
491 683
-628 -202
212 -780
959 669
-884 155
-806 -545
-46 716
-626 470
-38 454
-304 -201
-223 -900
-222 -977
-584 -186
866 747
-642 393
-463 -423
868 -78
-59 -232
200 815
121 266
-302 -797
-834 -569
-483 -43
-106 1
548 717
415 -469
308 244
-602 145
-266 -815
-391 -653
-633 -201
-184 689
-501 -943
360 -738
-729 775
-934 180
-436 -758
868 -261
227 291
853 -718
-20 -520
806 846
197 -831
-807 367
531 -419
-355 -48
-496 884
-736 241
540 -71
938 -29
-863 625
555 371
307 292
-484 974
200 -603
586 682
-647 -616
-223 360
941 -696
-595 261
-228 28
253 -740
181 -448
77 101
-65 466
-392 -846
84 -959
-839 -663
780 990
-823 -306
66 309
-851 -237
560 576
911 -651
-582 130
837 393
-941 883
-396 -229
629 -647
-825 653
-903 40
828 -862
749 326
524 281
-576 -71
366 972
-167 -165
-658 766
-22 2
-503 258
-788 698
-124 -877
24 -602
674 -950
-970 -204
244 -581
843 -269
579 -176
16 -144
-653 862
838 -299
-599 -687
-661 -314
-628 -476
-98 940
-528 -297
366 786
-9 160
-276 209
123 -190
-404 857
-886 -829
-518 -798
-686 -141
508 -152
245 -921
399 987
639 -957
-595 -732
-581 -573
-681 51
337 -29
-380 -521
734 -120
598 154
363 797
-231 -315
426 -993
186 -697
56 345
-738 -317
-451 326
-852 118
-855 -478
735 -89
441 486
83 138
-968 -486
-982 -317
220 146
971 -424
-642 757
130 862
-492 245
-565 524
583 -104
-576 546
161 836
88 371
330 815
195 -653
583 119
285 -597
-251 -960
-328 -653
813 -119
29 884
336 892
416 875
-649 -337
-702 7
23 -537
446 408
-416 188
495 -494
337 -844
-418 -773
591 -5
-270 -167
-739 -970
-48 -364
-68 -144
-512 -537
858 -27
747 708
-802 -982
514 -329
-134 242
-147 -430
-287 -210
-622 -565
-638 883
-743 77
-906 -666
962 91
-635 -963
142 -611
-336 -407
566 287
-614 -706
-506 453
-101 960
45 -162
924 184
535 -270
-834 878
-32 446
886 577
742 -326
589 374
-410 -356
-959 -550
53 830
-745 827
-101 -588
-779 640
-765 391
12 -967
-855 -365
-784 222
-167 -957
407 803
-448 -559
-8 -124
-39 605
-935 510
-21 -813
850 965
731 549
-454 -94
-920 -736
-681 -994
956 157
52 -208
968 565
-288 -330
-110 101
621 24
21 625
835 579
-635 -280
-361 -265
228 -590
-170 -587
-772 809
314 292
30 -604
178 481
-455 -230
-13 872
866 -6
290 -964
61 184
-682 466
267 -465
-829 -806
-945 -207
-317 -879
45 -334
-448 983
-206 854
-323 -125
141 350
-50 -520
317 -580
-565 202
59 -27
496 -327
-485 207
-256 -794
151 -89
268 407
9 -371
363 -328
708 624
-404 -306
-326 164
-323 367
303 -686
345 217
659 -17
379 150
-984 -616
-761 -264
-209 8
866 707
112 -753
77 773
-812 743
618 69
-447 609
326 464
434 814
-806 415
475 -359
761 -607
954 -302
-505 -888
-862 270
785 -154
-635 846
-896 -715
-92 684
907 424
-171 -354
-932 -469
18 360
-75 -847
279 -27
833 86
337 -800
-292 324
-98 -537
984 -986
-96 974
720 980
121 -242
791 227
-624 -279
-331 73
-732 771
-41 975
634 232
-791 737
-803 -677
424 -643
425 537
-889 -381
-659 -594
-980 -29
430 613
-689 -299
782 -855
-491 -251
434 -539
726 -350
-948 98
760 794
-519 464
-277 -668
260 5
-228 97
-842 138
142 925
-744 109
727 105
979 394
-464 666
518 -37
219 -865
-255 -295
842 699
547 -968
510 -545
-126 250
-107 -506
-339 -778
448 461
-592 668
943 386
-554 -837
134 -650
810 776
178 847
-216 613
828 350
377 -610
650 -583
661 -811
-259 34
-882 513
-229 783
-49 62
-442 745
-567 -687
962 -106
-701 252
681 -320
-32 -487
658 280
-966 -665
-950 358
-357 148
-749 -346
654 118
219 330
453 148
-49 -706
866 -389
841 532
-986 682
-879 162
488 -867
-11 379
812 266
-251 690
-582 599
-804 -390
943 -831
997 192
-208 497
802 485
248 -902
642 677
-320 855
914 -651
-522 -883
-859 -283
-832 -53
-984 122
-446 360
610 231
-815 464
-491 -206
-901 956
-336 6
-421 -131
799 -471
-761 -878
-620 189
-124 696
561 -747
75 -956
359 -557
-204 565
640 -82
684 216
-38 839
964 -768
-876 389
-705 -471
-5 829
224 990
-442 827
196 740
-831 -276
745 -438
-761 305
-383 41
928 -894
971 547
-504 274
-707 495
-628 834
565 -562
182 486
343 141
-571 -842
-428 837
-467 623
-361 300
707 555
-946 535
416 209
-981 -264
-669 751
643 -697
541 -65
-205 -178
-448 925
770 461
187 575
-110 -470
-644 -55
-323 548
879 -705
499 210
361 -169
-47 800
-565 668
311 314
56 797
-322 867
588 -556
-718 -913
142 -349
396 369
-765 891
-385 -353
-683 40
318 57
906 931
-571 703
-787 567
230 659
-624 374
766 -236
-579 321
-433 263
366 986
445 524
-446 637
414 -477
125 376
999 -89
449 41
-507 -786
-420 -79
974 780
190 433
798 183
-23 -639
-609 -215
647 919
531 721
-636 476
270 612
-926 851
-611 989
568 199
-546 278
-17 -234
-829 800
244 -279
241 -537
-705 317
-767 -615
-637 289
280 -671
-994 -398
-498 788
-36 -856
354 -27
205 -232
204 -693
-298 405
48 441
63 -84
-346 -732
-114 -663
-13 -94
1000 -796
418 961
29 -2
721 -313
826 97
384 -454
418 -84
-189 965
362 516
-715 -873
381 414
356 -153
986 -27
-598 15
710 -547
498 -922
-725 -805
863 7
429 623
-517 -186
-836 156
794 507
-43 712
-668 -594
-420 410
357 -596
485 -945
-361 449
231 825
-134 827
-545 415
248 586
670 841
705 -355
525 -449
-705 865
26 -713
871 -855
951 -177
437 366
-252 -328
-994 -59
716 -119
-696 -925
778 -786
994 38
-770 -917
-227 -622
-334 299
-910 652
-90 427
-853 -507
916 164
-12 822
-715 689
295 -957
-369 -955
-356 886
-158 748
418 -469
-243 -490
810 -387
21 309
466 -27
-668 28
-998 -777
91 -691
-557 -689
711 600
-625 641
-768 804
668 -9
195 -950
44 174
-26 -110
620 564
205 -674
-670 -418
515 800
553 619
205 -688
931 93
-10 -327
-205 -130
-275 -727
300 -906
693 166
-596 588
-1 -529
-397 -625
-95 575
288 71
359 -264
-936 -860
17 840
349 -655
-868 -845
104 470
-974 250
-91 342
-266 -822
893 -391
879 173
784 -464
934 -586
-397 -849
-709 -987
826 -64
-412 417
210 312
-815 -135
456 708
-776 -396
785 -868
638 76
993 803
-765 15
-958 -859
-955 900
807 853
414 481
-603 -763
-531 -794
671 663
114 289
-285 -117
-213 219
-612 891
968 443
-957 303
160 -620
-27 658
656 597
-573 -923
283 62
247 743
-934 927
319 -601
-947 -808
-165 28
-694 -126
-841 -142
-106 -321
252 760
-304 -418
-896 299
-111 865
980 394
-217 161
-917 -325
-714 -54
232 -810
-398 611
-583 -323
251 -971
360 464
276 624
-991 261
879 -231
530 -464
272 -894
979 -565
982 907
734 306
-916 -949
249 -461
-183 356
-536 -609
-469 -755
4 -583
411 -354
68 288
423 307
973 -668
754 -2
-441 209
754 467
418 595
-869 -471
913 134
-429 110
-10 -540
-916 387
704 824
396 309
-855 619
821 270
-286 -885
39 216
-50 -513
133 -877
987 -589
-176 -341
18 681
-86 519
184 490
433 -200
-615 139
-334 930
387 612
414 -455
741 -684
540 149
-82 570
535 614
83 928
648 -135
342 -931
-484 -555
-881 -751
-225 -874
124 -402
384 672
946 940
-195 -466
351 10
-99 101
75 -75
42 -859
418 -535
734 -824
859 80
-1 277
806 85
-263 -295
-455 881
-656 -465
-446 124
-171 -745
-308 903
145 -421
169 -344
-332 220
-490 108
822 990
-675 -403
999 -903
115 328
-296 239
166 -948
-704 360
-387 -67
-432 -85
389 812
-500 -765
-848 -875
-974 -565
70 729
999 468
319 722
-859 254
-61 -672
208 797
-727 65
-111 424
-105 -446
-398 41
-134 31
-151 251
655 -244
-438 590
953 -53
750 41
-242 -315
113 607
405 -27
-57 -263
-83 834
71 -384
635 620
77 -672
-166 -90
-798 779
-371 816
-59 -581
-381 101
-660 -214
212 -717
236 568
840 -980
600 -300
-897 938
-141 -518
-407 -227
-663 -881
190 -576
-555 -815
748 87
734 941
267 842
896 620
735 -769
-883 -123
-47 -967
840 -586
112 -89
866 453
-843 234
903 49
-270 -567
-141 -941
944 -678
807 790
161 284
315 149
727 -471
686 -203
-918 -462
297 -929
-9 -867
-846 543
-129 925
-476 146
-71 544
-336 435
-658 -396
141 596
-837 187
-513 516
-252 219
567 -388
-425 735
29 -190
385 -357
-686 -491
-389 -160
569 1000
625 -68
75 498
-861 574
-431 -791
-88 -104
-366 -593
-210 -675
295 -832
-642 326
498 -547
389 -453
708 611
785 -918
469 -491
962 -71
-277 -257
-83 229
163 84
400 -249
143 -827
-907 256
58 -402
963 185
628 -551
-978 -895
-778 -312
-608 -218
-233 696
268 -867
767 373
627 -219
-622 859
-961 394
955 918
-927 688
-702 83
-181 280
-400 199
-826 -553
542 769
-200 -395
156 -339
206 603
758 -726
291 -119
-25 -173
259 94
-933 -245
-916 -872
578 520
1000 523
897 -229
-838 -161
-931 680
352 -56
64 -698
35 -788
-198 -768
-74 -91
973 -446
-182 -688
-134 -319
86 -660
-150 -679
-41 -515
818 -629
834 606
-281 728
31 57
-777 -857
781 -715
311 -962
-102 427
940 -759
561 941
53 -584
-596 -487
341 12
-578 -458
462 730
-4 719
925 353
811 695
-128 529
578 -669
974 579
-968 -306
647 241
-502 -893
-393 813
-366 707
-854 275
303 479
609 662
-148 -156
742 562
-100 66
244 -553
-678 755
563 294
-312 -494
-791 654
-876 -790
834 -168
724 177
888 338
351 -24
681 608
-97 543
304 -389
-390 775
283 123
30 879
-266 801
936 208
677 -132
-318 -224
-175 271
-640 207
409 -225
-236 -206
-488 717
-536 953
132 806
165 -250
356 222
-901 523
-664 889
-451 488
424 476
955 -225
-268 -354
395 -597
103 -564
-844 -765
610 -849
-933 704
405 -310
-484 -842
-60 393
-936 -965
601 -478
920 992
280 -706
-501 -310
656 249
556 850
737 976
631 -391
698 975
-163 512
-906 781
-730 76
-427 -566
308 -182
188 -556
-91 536
-91 -959
-237 -46
836 -712
-331 -975
-442 759
488 699
482 284
-372 89
20 938
-591 -558
787 781
-945 -959
332 -995
800 301
765 -280
-857 546
-829 765
-649 269
260 -967
862 -45
357 -46
-571 796
-681 120
264 34
590 711
-376 -663
-247 -112
312 752
353 496
-677 109
-814 -902
-395 851
-325 235
795 519
878 -265
-507 -711
730 -192
863 868
-499 508
825 -596
664 -987
-533 -519
-353 26
864 926
483 -531
