20100104,AAPL,28.83,28.95,28.66,28.84,11559128
20100105,AAPL,28.18,28.22,28.16,28.22,6706417
20100106,AAPL,28.11,28.27,27.89,28.19,15720178
20100107,AAPL,28.11,28.15,28.04,28.06,9380278
20100108,AAPL,27.85,27.89,27.78,27.83,15730664
20100111,AAPL,28.23,28.24,28.13,28.18,8359524
20100112,AAPL,27.96,28.16,27.72,28.11,5378703
20100113,AAPL,28.74,28.86,28.58,28.61,9971103
20100114,AAPL,28.78,28.97,28.74,28.94,19650522
20100115,AAPL,28.74,28.87,28.59,28.76,6771418
20100118,AAPL,28.84,29.0,28.74,28.84,19726376
20100119,AAPL,28.26,28.33,28.04,28.14,18173685
20100120,AAPL,27.82,27.88,27.56,27.72,13742797
20100121,AAPL,27.09,27.17,27.04,27.12,11690332
20100122,AAPL,27.96,28.16,27.76,27.87,4006961
20100125,AAPL,27.89,27.94,27.65,27.93,7246324
20100126,AAPL,28.38,28.56,28.33,28.43,11567341
20100127,AAPL,28.19,28.45,28.14,28.32,5942134
20100128,AAPL,28.01,28.02,27.97,28.02,8804432
20100129,AAPL,27.15,27.24,27.13,27.16,14874625
20100201,AAPL,27.39,27.51,27.22,27.35,1164621
20100202,AAPL,27.49,27.6,27.4,27.52,13298356
20100203,AAPL,27.09,27.27,26.94,27.13,1181717
20100204,AAPL,27.98,28.16,27.93,27.94,8422477
20100205,AAPL,27.85,28.12,27.78,27.98,15088435
20100208,AAPL,28.68,28.77,28.54,28.65,19415302
20100209,AAPL,28.72,28.87,28.64,28.8,9014012
20100210,AAPL,29.11,29.35,29.1,29.26,5990901
20100211,AAPL,30.19,30.24,30.04,30.11,3185996
20100212,AAPL,30.37,30.42,30.16,30.35,5247975
20100215,AAPL,30.18,30.24,30.06,30.07,7093544
20100216,AAPL,30.46,30.56,30.2,30.35,11388123
20100217,AAPL,29.96,30.0,29.78,29.83,4593913
20100218,AAPL,29.84,29.92,29.7,29.83,6786918
20100219,AAPL,28.94,29.33,28.92,29.2,15093009
20100222,AAPL,29.37,29.54,29.02,29.22,7681097
20100223,AAPL,29.61,29.8,29.38,29.47,13873118
20100224,AAPL,29.64,29.72,29.5,29.64,12779053
20100225,AAPL,29.07,29.15,29.06,29.09,5939845
20100226,AAPL,28.46,28.5,28.44,28.44,2382987
20100301,AAPL,28.56,28.62,28.38,28.57,14378655
20100302,AAPL,28.34,28.38,28.19,28.27,11758900
20100303,AAPL,28.36,28.45,28.17,28.37,13441361
20100304,AAPL,27.93,28.06,27.83,27.91,12473616
20100305,AAPL,27.95,28.01,27.74,27.94,12468130
20100308,AAPL,28.46,28.61,28.32,28.41,18742563
20100309,AAPL,28.55,28.8,28.41,28.58,6722868
20100310,AAPL,28.92,29.18,28.87,28.97,5268554
20100311,AAPL,28.48,28.67,28.31,28.53,4299456
20100312,AAPL,28.59,28.74,28.58,28.69,11707889
20100315,AAPL,28.86,29.09,28.82,28.94,14429001
20100316,AAPL,28.71,28.94,28.66,28.86,11996317
20100317,AAPL,28.8,29.0,28.75,28.78,9169347
20100318,AAPL,28.91,28.93,28.8,28.91,16340281
20100319,AAPL,28.67,28.68,28.51,28.54,11771537
20100322,AAPL,28.41,28.82,28.4,28.54,16165143
20100323,AAPL,27.88,27.9,27.68,27.8,11128667
20100324,AAPL,28.34,28.37,28.29,28.32,9339416
20100325,AAPL,28.71,28.95,28.57,28.59,17145736
20100326,AAPL,28.57,28.76,28.51,28.65,8360220
20100329,AAPL,28.23,28.28,28.12,28.15,18588590
20100330,AAPL,28.36,28.45,28.12,28.16,2095581
20100331,AAPL,28.38,28.48,28.16,28.21,7544309
20100401,AAPL,28.25,28.39,28.23,28.28,18138936
20100402,AAPL,28.11,28.31,28.06,28.15,14558239
20100405,AAPL,27.86,28.1,27.82,28.01,12632738
20100406,AAPL,28.08,28.14,28.06,28.14,12643920
20100407,AAPL,28.74,28.88,28.57,28.78,15490283
20100408,AAPL,28.12,28.15,27.98,28.04,4004062
20100409,AAPL,28.24,28.37,28.14,28.29,12056398
20100412,AAPL,28.86,29.03,28.8,28.93,15539721
20100413,AAPL,28.75,28.85,28.71,28.81,7478990
20100414,AAPL,29.31,29.54,28.97,29.17,8691662
20100415,AAPL,28.08,28.17,28.04,28.16,11462934
20100416,AAPL,28.6,28.62,28.54,28.6,9999899
20100419,AAPL,28.08,28.18,27.98,28.15,19605872
20100420,AAPL,27.46,27.52,27.34,27.42,14198781
20100421,AAPL,27.76,27.88,27.72,27.78,19672870
20100422,AAPL,27.87,27.99,27.85,27.94,4330561
20100423,AAPL,28.21,28.29,28.02,28.09,7625622
20100426,AAPL,28.29,28.48,28.14,28.25,3169956
20100427,AAPL,28.55,28.78,28.49,28.68,1886243
20100428,AAPL,28.62,28.75,28.51,28.52,13866049
20100429,AAPL,28.73,28.92,28.66,28.8,7457413
20100430,AAPL,28.49,28.69,28.41,28.42,19849906
20100503,AAPL,27.8,27.89,27.68,27.79,16676644
20100504,AAPL,27.87,28.03,27.86,27.92,4650159
20100505,AAPL,27.7,27.76,27.61,27.68,4952482
20100506,AAPL,27.23,27.34,27.05,27.07,7957674
20100507,AAPL,26.39,26.46,26.38,26.45,15008833
20100510,AAPL,26.13,26.22,25.9,26.15,18677531
20100511,AAPL,26.27,26.35,26.23,26.29,15263492
20100512,AAPL,25.5,25.64,25.39,25.48,11489471
20100513,AAPL,25.29,25.44,25.24,25.36,16007515
20100514,AAPL,25.19,25.35,25.11,25.27,15546514
20100517,AAPL,25.66,25.77,25.57,25.6,15891267
20100518,AAPL,25.44,25.69,25.43,25.57,4712978
20100519,AAPL,25.8,25.96,25.74,25.8,14785360
20100520,AAPL,25.82,26.04,25.7,25.98,18304458
20100521,AAPL,25.92,26.0,25.88,25.98,7597754
20100524,AAPL,26.04,26.06,25.96,25.98,10348512
20100525,AAPL,24.96,25.08,24.95,25.01,4827534
20100526,AAPL,24.71,24.71,24.7,24.7,3698054
20100527,AAPL,24.62,24.74,24.62,24.63,18093284
20100528,AAPL,24.7,24.86,24.65,24.82,14653585
20100531,AAPL,24.87,25.07,24.84,24.96,19564625
20100601,AAPL,24.15,24.3,24.07,24.25,15756670
20100602,AAPL,24.18,24.35,24.14,24.28,14007659
20100603,AAPL,24.84,24.99,24.8,24.88,3674768
20100604,AAPL,25.03,25.14,24.92,24.99,12730672
20100607,AAPL,25.05,25.06,24.97,25.03,8757631
20100608,AAPL,25.46,25.48,25.2,25.32,6672156
20100609,AAPL,25.3,25.52,25.25,25.38,5144391
20100610,AAPL,25.14,25.35,25.13,25.17,2205008
20100611,AAPL,25.3,25.46,25.06,25.21,15135225
20100614,AAPL,25.57,25.59,25.36,25.45,3209355
20100615,AAPL,25.57,25.59,25.29,25.49,4139665
20100616,AAPL,25.47,25.51,25.34,25.42,16887069
20100617,AAPL,24.97,24.97,24.84,24.91,8666717
20100618,AAPL,25.12,25.19,25.02,25.04,7288597
20100621,AAPL,24.53,24.69,24.47,24.61,13244847
20100622,AAPL,24.21,24.25,24.12,24.14,5661396
20100623,AAPL,24.25,24.39,24.15,24.21,1307321
20100624,AAPL,24.23,24.36,24.02,24.14,10378607
20100625,AAPL,23.48,23.66,23.39,23.49,4345019
20100628,AAPL,23.62,23.79,23.32,23.46,18071240
20100629,AAPL,23.92,24.15,23.91,23.93,13144384
20100630,AAPL,24.13,24.24,24.1,24.1,17112350
20100701,AAPL,24.14,24.29,24.14,24.21,9799575
20100702,AAPL,24.05,24.17,23.96,24.05,2733988
20100705,AAPL,24.13,24.17,24.06,24.07,11618033
20100706,AAPL,23.89,23.96,23.69,23.81,9344109
20100707,AAPL,23.32,23.39,23.21,23.35,5185198
20100708,AAPL,22.77,22.97,22.57,22.8,9571426
20100709,AAPL,22.81,22.91,22.68,22.86,6141306
20100712,AAPL,23.62,23.74,23.44,23.52,18293492
20100713,AAPL,23.81,23.82,23.62,23.8,3007387
20100714,AAPL,23.93,24.03,23.83,23.83,16453527
20100715,AAPL,24.01,24.18,23.84,24.12,13097032
20100716,AAPL,24.19,24.43,24.09,24.28,2576360
20100719,AAPL,24.39,24.46,24.18,24.28,2786140
20100720,AAPL,24.21,24.31,24.14,24.2,19971862
20100721,AAPL,23.84,23.85,23.62,23.76,16289649
20100722,AAPL,24.21,24.36,24.01,24.12,2704202
20100723,AAPL,24.55,24.58,24.36,24.57,5952046
20100726,AAPL,24.29,24.42,24.24,24.35,9283185
20100727,AAPL,24.06,24.07,24.06,24.06,13317742
20100728,AAPL,24.03,24.07,23.72,24.04,8338525
20100729,AAPL,23.91,24.06,23.78,23.97,5212633
20100730,AAPL,24.59,24.61,24.47,24.5,18827658
20100802,AAPL,24.69,24.74,24.6,24.63,7691772
20100803,AAPL,24.33,24.51,24.3,24.37,2961229
20100804,AAPL,24.76,24.78,24.52,24.61,6704823
20100805,AAPL,23.72,23.94,23.6,23.85,10377969
20100806,AAPL,23.6,23.67,23.56,23.66,17657381
20100809,AAPL,23.84,23.85,23.71,23.77,16260334
20100810,AAPL,24.21,24.34,24.19,24.26,12935580
20100811,AAPL,24.03,24.09,23.96,24.09,3234202
20100812,AAPL,23.75,23.93,23.55,23.93,5861086
20100813,AAPL,24.3,24.32,24.14,24.15,5031077
20100816,AAPL,24.72,24.9,24.63,24.79,19557071
20100817,AAPL,23.85,24.02,23.74,23.83,18446667
20100818,AAPL,24.04,24.1,23.93,24.1,2909433
20100819,AAPL,23.85,24.04,23.71,24.03,17633655
20100820,AAPL,24.2,24.3,24.03,24.23,5446275
20100823,AAPL,23.97,24.21,23.88,24.11,11797273
20100824,AAPL,23.95,24.01,23.87,24.01,7570545
20100825,AAPL,23.97,24.05,23.94,24.0,8238392
20100826,AAPL,24.94,25.26,24.85,25.01,10326064
20100827,AAPL,25.25,25.46,25.18,25.23,3407714
20100830,AAPL,25.71,25.89,25.52,25.6,3830237
20100831,AAPL,25.37,25.41,25.21,25.28,7164091
20100901,AAPL,24.26,24.35,24.2,24.28,11514871
20100902,AAPL,23.88,24.01,23.87,24.0,7835537
20100903,AAPL,24.65,24.77,24.55,24.63,16368126
20100906,AAPL,24.9,24.92,24.9,24.91,14245556
20100907,AAPL,25.44,25.55,25.24,25.32,19173436
20100908,AAPL,25.14,25.18,24.95,25.13,8598083
20100909,AAPL,25.16,25.25,24.97,25.01,2708087
20100910,AAPL,24.64,24.69,24.53,24.61,7864779
20100913,AAPL,25.04,25.19,24.87,25.03,8181300
20100914,AAPL,25.34,25.45,25.24,25.35,14937128
20100915,AAPL,25.64,25.75,25.45,25.63,16730025
20100916,AAPL,25.49,25.65,25.45,25.53,2424091
20100917,AAPL,25.81,25.93,25.67,25.84,18374073
20100920,AAPL,25.94,26.1,25.9,26.03,19563769
20100921,AAPL,26.51,26.68,26.37,26.63,14648984
20100922,AAPL,27.15,27.41,27.02,27.27,9799051
20100923,AAPL,27.12,27.14,26.88,27.0,6822539
20100924,AAPL,27.6,27.65,27.48,27.57,7431355
20100927,AAPL,27.57,27.7,27.51,27.6,18230237
20100928,AAPL,27.69,27.97,27.63,27.79,17398373
20100929,AAPL,27.13,27.42,27.01,27.17,6712103
20100930,AAPL,27.5,27.78,27.5,27.59,9354164
20101001,AAPL,27.74,27.79,27.64,27.77,1295392
20101004,AAPL,27.88,27.97,27.74,27.82,3569500
20101005,AAPL,28.34,28.54,28.18,28.46,19943775
20101006,AAPL,27.37,27.53,27.2,27.37,6892202
20101007,AAPL,27.18,27.24,26.98,27.08,19875503
20101008,AAPL,27.31,27.64,27.29,27.33,14862557
20101011,AAPL,26.94,26.97,26.73,26.87,9127893
20101012,AAPL,27.42,27.46,27.25,27.44,9112628
20101013,AAPL,27.64,27.68,27.63,27.67,3885061
20101014,AAPL,28.17,28.28,28.02,28.18,15870633
20101015,AAPL,28.82,28.97,28.81,28.93,7025076
20101018,AAPL,29.1,29.26,28.98,29.07,2481115
20101019,AAPL,28.73,28.75,28.6,28.74,19245610
20101020,AAPL,29.67,29.84,29.52,29.58,6917523
20101021,AAPL,29.74,29.91,29.67,29.87,14496026
20101022,AAPL,29.33,29.52,29.14,29.19,3736594
20101025,AAPL,29.64,29.85,29.35,29.53,9614394
20101026,AAPL,29.82,30.04,29.74,29.75,18659917
20101027,AAPL,29.82,29.94,29.74,29.74,3835526
20101028,AAPL,28.7,28.81,28.52,28.53,13572563
20101029,AAPL,28.29,28.33,28.21,28.29,10666679
20101101,AAPL,27.21,27.25,26.96,27.09,18364967
20101102,AAPL,27.15,27.18,26.8,26.99,3494700
20101103,AAPL,26.8,26.86,26.58,26.85,3625765
20101104,AAPL,26.37,26.44,26.36,26.41,10633330
20101105,AAPL,26.62,26.67,26.45,26.51,10659084
20101108,AAPL,25.75,25.78,25.57,25.63,9576869
20101109,AAPL,25.45,25.62,25.43,25.44,17156884
20101110,AAPL,25.69,25.88,25.62,25.8,17732797
20101111,AAPL,25.49,25.54,25.37,25.38,8263410
20101112,AAPL,25.57,25.65,25.38,25.5,3895097
20101115,AAPL,25.56,25.63,25.48,25.48,15741108
20101116,AAPL,25.59,25.67,25.43,25.6,10008743
20101117,AAPL,25.38,25.43,25.32,25.41,7230565
20101118,AAPL,25.24,25.3,25.12,25.15,6782713
20101119,AAPL,24.42,24.7,24.3,24.52,7863447
20101122,AAPL,24.75,24.82,24.59,24.69,4279396
20101123,AAPL,25.17,25.29,25.0,25.03,14656605
20101124,AAPL,25.14,25.28,24.99,25.13,13667719
20101125,AAPL,25.06,25.1,24.95,25.06,7093810
20101126,AAPL,24.82,25.11,24.8,24.94,11495301
20101129,AAPL,25.44,25.49,25.37,25.37,14123244
20101130,AAPL,25.43,25.47,25.4,25.43,18137726
20101201,AAPL,25.24,25.31,25.14,25.26,19591687
20101202,AAPL,25.34,25.54,25.33,25.35,14639870
20101203,AAPL,25.55,25.67,25.42,25.58,11376668
20101206,AAPL,25.36,25.51,25.19,25.27,9352604
20101207,AAPL,24.77,25.06,24.66,24.9,14984015
20101208,AAPL,25.37,25.49,25.06,25.15,18444670
20101209,AAPL,25.36,25.46,25.19,25.27,11767209
20101210,AAPL,24.97,25.04,24.88,24.91,8519005
20101213,AAPL,25.03,25.11,24.91,24.96,3505779
20101214,AAPL,24.66,24.68,24.55,24.64,2219466
20101215,AAPL,24.86,24.97,24.8,24.89,15294933
20101216,AAPL,24.49,24.7,24.38,24.51,7636043
20101217,AAPL,24.52,24.82,24.5,24.59,19378778
20101220,AAPL,23.72,23.74,23.62,23.68,16752398
20101221,AAPL,23.87,23.96,23.7,23.83,16100340
20101222,AAPL,23.8,23.93,23.72,23.92,6477743
20101223,AAPL,23.56,23.58,23.52,23.54,10671231
20101224,AAPL,24.09,24.2,23.99,24.14,9743182
20101227,AAPL,24.52,24.58,24.34,24.44,11061512
20101228,AAPL,24.03,24.23,23.92,24.13,18295149
20101229,AAPL,24.28,24.34,24.09,24.18,16380871
20101230,AAPL,24.35,24.55,24.23,24.48,3245241
20101231,AAPL,23.96,24.12,23.93,23.98,13459304
20100104,MSFT,27.53,27.67,27.43,27.56,1531259
20100105,MSFT,27.89,27.97,27.77,27.81,6287064
20100106,MSFT,27.39,27.51,27.33,27.43,8677501
20100107,MSFT,26.39,26.59,26.29,26.44,1602967
20100108,MSFT,26.41,26.52,26.3,26.34,16270661
20100111,MSFT,26.45,26.61,26.42,26.45,13196555
20100112,MSFT,25.85,25.88,25.77,25.81,6279109
20100113,MSFT,25.59,25.69,25.42,25.69,4226655
20100114,MSFT,25.56,25.74,25.52,25.7,17897717
20100115,MSFT,25.35,25.43,25.23,25.28,3357664
20100118,MSFT,25.51,25.61,25.24,25.36,8646419
20100119,MSFT,25.96,26.06,25.76,25.86,8510602
20100120,MSFT,26.14,26.19,25.93,26.02,4730945
20100121,MSFT,26.07,26.22,25.96,26.13,14762569
20100122,MSFT,25.89,25.95,25.79,25.88,11443296
20100125,MSFT,26.05,26.22,25.95,26.04,1072374
20100126,MSFT,26.83,26.9,26.77,26.79,18232522
20100127,MSFT,27.38,27.39,27.2,27.29,9735935
20100128,MSFT,27.39,27.57,27.14,27.23,18150590
20100129,MSFT,27.0,27.04,26.87,27.01,4103654
20100201,MSFT,27.68,27.89,27.6,27.66,15945093
20100202,MSFT,27.28,27.37,27.2,27.28,3989246
20100203,MSFT,26.99,27.01,26.72,26.97,3464043
20100204,MSFT,26.78,26.81,26.73,26.73,8915401
20100205,MSFT,26.7,26.81,26.42,26.57,18793602
20100208,MSFT,26.6,26.61,26.48,26.52,9605596
20100209,MSFT,26.95,26.96,26.7,26.87,1541085
20100210,MSFT,26.44,26.75,26.4,26.58,3167399
20100211,MSFT,26.44,26.52,26.35,26.42,1809651
20100212,MSFT,26.39,26.44,26.3,26.35,18042342
20100215,MSFT,26.1,26.19,26.04,26.08,17771944
20100216,MSFT,26.21,26.35,26.13,26.23,8424705
20100217,MSFT,26.49,26.53,26.31,26.46,14734134
20100218,MSFT,26.83,26.87,26.75,26.78,3644555
20100219,MSFT,26.71,26.83,26.7,26.78,11655122
20100222,MSFT,26.72,26.78,26.66,26.75,14715145
20100223,MSFT,26.26,26.47,26.24,26.32,10584073
20100224,MSFT,26.97,27.1,26.92,27.03,6369380
20100225,MSFT,26.76,26.97,26.53,26.63,17177072
20100226,MSFT,27.15,27.35,27.03,27.07,1103202
20100301,MSFT,26.11,26.23,26.08,26.19,14462585
20100302,MSFT,26.55,26.68,26.42,26.5,18740035
20100303,MSFT,26.52,26.56,26.34,26.41,15732247
20100304,MSFT,26.31,26.47,26.23,26.25,6372744
20100305,MSFT,25.93,25.99,25.77,25.87,7334767
20100308,MSFT,25.68,25.74,25.61,25.67,16261813
20100309,MSFT,25.27,25.31,25.25,25.3,3500445
20100310,MSFT,25.15,25.2,25.0,25.15,13985778
20100311,MSFT,25.17,25.29,25.06,25.11,7638082
20100312,MSFT,24.96,25.05,24.91,25.0,19054943
20100315,MSFT,24.56,24.62,24.54,24.61,2188888
20100316,MSFT,24.66,24.83,24.54,24.66,17344421
20100317,MSFT,25.18,25.2,24.87,25.06,13728015
20100318,MSFT,24.99,25.08,24.9,25.02,10202863
20100319,MSFT,24.9,25.07,24.75,25.03,14410203
20100322,MSFT,25.0,25.13,24.97,25.02,16856494
20100323,MSFT,24.74,25.02,24.74,24.88,5293761
20100324,MSFT,25.5,25.66,25.44,25.51,19744550
20100325,MSFT,26.08,26.18,25.86,26.06,11106654
20100326,MSFT,25.86,26.0,25.82,25.92,8234338
20100329,MSFT,25.82,25.88,25.76,25.76,19836960
20100330,MSFT,26.15,26.27,26.01,26.25,5942553
20100331,MSFT,26.5,26.51,26.48,26.49,17870186
20100401,MSFT,26.43,26.47,26.28,26.38,12916636
20100402,MSFT,26.2,26.38,26.06,26.32,16073921
20100405,MSFT,25.97,26.04,25.93,25.98,3387640
20100406,MSFT,25.72,25.79,25.55,25.62,15020127
20100407,MSFT,25.18,25.25,25.02,25.13,6646971
20100408,MSFT,25.67,25.76,25.55,25.56,8548187
20100409,MSFT,25.5,25.7,25.5,25.5,4201240
20100412,MSFT,25.39,25.53,25.26,25.42,1647846
20100413,MSFT,25.38,25.41,25.32,25.33,16677108
20100414,MSFT,25.04,25.16,24.97,25.12,8491798
20100415,MSFT,24.64,24.8,24.56,24.59,11641726
20100416,MSFT,24.69,24.85,24.66,24.7,13442000
20100419,MSFT,24.94,24.96,24.87,24.91,12032780
20100420,MSFT,24.98,25.18,24.97,25.03,9234629
20100421,MSFT,24.46,24.61,24.42,24.49,16872150
20100422,MSFT,24.13,24.19,24.08,24.11,1080862
20100423,MSFT,24.0,24.08,23.87,23.99,7498237
20100426,MSFT,24.55,24.61,24.43,24.55,7122227
20100427,MSFT,24.76,24.84,24.73,24.74,17029774
20100428,MSFT,24.05,24.29,24.01,24.16,13434123
20100429,MSFT,24.45,24.49,24.31,24.36,2403792
20100430,MSFT,24.57,24.66,24.43,24.66,7942676
20100503,MSFT,24.94,25.0,24.71,24.73,2702223
20100504,MSFT,25.41,25.45,25.4,25.41,7264885
20100505,MSFT,25.95,26.12,25.91,25.97,3588924
20100506,MSFT,25.94,26.03,25.83,25.9,1005930
20100507,MSFT,25.91,26.14,25.73,26.05,16591404
20100510,MSFT,26.04,26.23,26.0,26.04,13699323
20100511,MSFT,26.33,26.4,26.2,26.31,1608280
20100512,MSFT,26.59,26.62,26.23,26.45,16258805
20100513,MSFT,26.41,26.56,26.4,26.44,8619858
20100514,MSFT,25.78,25.81,25.76,25.79,7576390
20100517,MSFT,26.13,26.36,25.92,25.93,1541295
20100518,MSFT,25.56,25.64,25.49,25.58,12427191
20100519,MSFT,25.54,25.79,25.38,25.57,18093124
20100520,MSFT,25.41,25.52,25.36,25.39,10458109
20100521,MSFT,25.6,25.9,25.37,25.73,11267363
20100524,MSFT,25.16,25.3,25.12,25.19,5163290
20100525,MSFT,25.05,25.12,24.88,25.08,2045390
20100526,MSFT,24.63,24.9,24.61,24.8,2849002
20100527,MSFT,25.49,25.68,25.48,25.54,17835128
20100528,MSFT,25.24,25.27,25.04,25.08,6606388
20100531,MSFT,25.43,25.49,25.34,25.41,14128994
20100601,MSFT,25.03,25.06,25.01,25.05,7330447
20100602,MSFT,24.76,24.81,24.64,24.7,19740512
20100603,MSFT,24.9,25.1,24.8,24.93,14652172
20100604,MSFT,25.33,25.51,25.25,25.31,5158905
20100607,MSFT,24.33,24.42,24.19,24.36,5707925
20100608,MSFT,23.83,23.95,23.77,23.85,9926674
20100609,MSFT,23.24,23.5,23.08,23.26,3890038
20100610,MSFT,23.57,23.65,23.32,23.42,17479232
20100611,MSFT,23.77,23.84,23.64,23.81,8986482
20100614,MSFT,24.13,24.22,24.09,24.19,14658132
20100615,MSFT,24.33,24.53,24.27,24.36,14347463
20100616,MSFT,24.43,24.49,24.33,24.34,7584397
20100617,MSFT,24.14,24.24,24.11,24.22,6400929
20100618,MSFT,23.78,23.9,23.7,23.82,15946477
20100621,MSFT,23.59,24.01,23.54,23.72,2197678
20100622,MSFT,23.55,23.78,23.39,23.55,14779179
20100623,MSFT,23.34,23.42,23.14,23.19,6309820
20100624,MSFT,23.27,23.42,23.17,23.41,2680699
20100625,MSFT,23.66,23.76,23.57,23.69,14751152
20100628,MSFT,23.83,23.85,23.68,23.79,8041316
20100629,MSFT,23.27,23.39,23.16,23.26,6362750
20100630,MSFT,23.02,23.02,22.98,22.99,7655272
20100701,MSFT,22.64,22.86,22.55,22.65,11493578
20100702,MSFT,22.27,22.42,22.23,22.32,4181858
20100705,MSFT,22.23,22.34,22.21,22.28,5516132
20100706,MSFT,22.68,22.68,22.54,22.61,3648754
20100707,MSFT,22.38,22.57,22.3,22.48,17498033
20100708,MSFT,22.27,22.4,22.24,22.32,6860869
20100709,MSFT,22.41,22.44,22.36,22.41,18166122
20100712,MSFT,22.46,22.49,22.4,22.44,8552798
20100713,MSFT,22.66,22.75,22.56,22.73,11172239
20100714,MSFT,22.26,22.31,22.2,22.28,14612255
20100715,MSFT,22.44,22.49,22.38,22.42,17056696
20100716,MSFT,22.5,22.59,22.35,22.43,3252197
20100719,MSFT,22.78,22.85,22.65,22.74,5222502
20100720,MSFT,23.01,23.14,22.72,22.81,6799127
20100721,MSFT,23.09,23.13,22.98,23.02,6197858
20100722,MSFT,23.65,23.78,23.6,23.62,15932927
20100723,MSFT,23.52,23.56,23.46,23.5,6783278
20100726,MSFT,23.86,23.91,23.7,23.73,5654274
20100727,MSFT,23.66,23.68,23.55,23.6,12222231
20100728,MSFT,23.64,23.73,23.57,23.72,19696086
20100729,MSFT,24.09,24.2,24.01,24.08,19867176
20100730,MSFT,24.23,24.44,24.23,24.35,8622412
20100802,MSFT,23.96,24.04,23.94,24.04,6493996
20100803,MSFT,23.41,23.56,23.38,23.46,12082667
20100804,MSFT,23.41,23.49,23.27,23.29,9343972
20100805,MSFT,23.92,23.92,23.75,23.91,17758393
20100806,MSFT,23.84,23.84,23.71,23.83,10699972
20100809,MSFT,23.34,23.42,23.29,23.38,5230962
20100810,MSFT,23.5,23.6,23.38,23.45,7022220
20100811,MSFT,23.23,23.46,23.1,23.14,3686984
20100812,MSFT,23.29,23.32,23.18,23.23,2245492
20100813,MSFT,22.96,23.0,22.92,22.93,5528586
20100816,MSFT,22.3,22.32,22.18,22.23,2358839
20100817,MSFT,22.51,22.55,22.47,22.49,12194244
20100818,MSFT,22.4,22.42,22.31,22.39,10753466
20100819,MSFT,22.03,22.03,21.99,22.03,7718234
20100820,MSFT,21.52,21.63,21.47,21.49,10898510
20100823,MSFT,21.65,21.68,21.48,21.57,12046363
20100824,MSFT,21.86,21.91,21.8,21.85,2723178
20100825,MSFT,21.8,21.9,21.74,21.86,19789379
20100826,MSFT,22.0,22.08,21.77,21.9,7329189
20100827,MSFT,22.22,22.33,22.19,22.25,6060277
20100830,MSFT,22.59,22.67,22.52,22.6,16169659
20100831,MSFT,21.78,21.93,21.71,21.9,7424183
20100901,MSFT,21.45,21.48,21.31,21.4,14624088
20100902,MSFT,21.24,21.29,21.04,21.23,5110296
20100903,MSFT,21.68,21.81,21.59,21.77,3119572
20100906,MSFT,21.47,21.53,21.45,21.52,18472780
20100907,MSFT,21.82,21.97,21.77,21.8,4304039
20100908,MSFT,21.4,21.47,21.34,21.43,17140022
20100909,MSFT,21.53,21.71,21.31,21.4,3280308
20100910,MSFT,21.39,21.48,21.28,21.47,3616484
20100913,MSFT,21.08,21.08,21.05,21.08,10580241
20100914,MSFT,20.64,20.86,20.59,20.85,2242305
20100915,MSFT,21.01,21.13,20.99,21.06,3422913
20100916,MSFT,21.01,21.11,20.9,20.95,9253871
20100917,MSFT,21.17,21.18,20.88,21.1,4486511
20100920,MSFT,21.09,21.18,20.99,21.12,6394320
20100921,MSFT,20.6,20.69,20.54,20.58,11924351
20100922,MSFT,20.59,20.66,20.49,20.5,17062307
20100923,MSFT,20.92,20.96,20.83,20.95,17605736
20100924,MSFT,21.26,21.38,21.04,21.28,4223084
20100927,MSFT,21.61,21.61,21.49,21.56,16855480
20100928,MSFT,21.9,22.06,21.85,21.99,8079286
20100929,MSFT,21.5,21.52,21.38,21.43,10356112
20100930,MSFT,21.9,21.91,21.77,21.88,15052964
20101001,MSFT,21.75,21.87,21.66,21.75,3457804
20101004,MSFT,21.43,21.54,21.33,21.45,4755323
20101005,MSFT,21.37,21.56,21.37,21.49,10787166
20101006,MSFT,21.82,21.94,21.76,21.88,11204087
20101007,MSFT,22.5,22.6,22.47,22.56,1348425
20101008,MSFT,22.11,22.35,21.96,22.2,14059708
20101011,MSFT,22.27,22.38,22.2,22.27,3292178
20101012,MSFT,22.32,22.32,22.3,22.32,16827428
20101013,MSFT,22.55,22.81,22.51,22.6,8845414
20101014,MSFT,22.71,22.76,22.62,22.66,11897513
20101015,MSFT,22.26,22.35,22.23,22.31,6332599
20101018,MSFT,22.48,22.61,22.44,22.53,6425191
20101019,MSFT,22.67,22.72,22.46,22.61,17933261
20101020,MSFT,22.43,22.66,22.26,22.51,15639551
20101021,MSFT,22.79,22.9,22.71,22.75,18514167
20101022,MSFT,22.23,22.4,21.8,22.12,1627545
20101025,MSFT,22.0,22.15,21.88,21.92,3103895
20101026,MSFT,21.37,21.58,21.33,21.34,10184434
20101027,MSFT,21.44,21.48,21.41,21.41,10615959
20101028,MSFT,21.65,21.74,21.63,21.65,4800608
20101029,MSFT,21.32,21.44,21.29,21.38,1282381
20101101,MSFT,21.15,21.31,21.08,21.21,2326596
20101102,MSFT,21.05,21.14,20.99,21.09,18007860
20101103,MSFT,21.46,21.6,21.44,21.45,14763270
20101104,MSFT,21.73,21.83,21.63,21.65,3610115
20101105,MSFT,21.83,21.98,21.71,21.83,7168933
20101108,MSFT,22.43,22.51,22.27,22.33,15532259
20101109,MSFT,22.36,22.49,22.3,22.36,5678512
20101110,MSFT,22.35,22.41,22.26,22.27,14654387
20101111,MSFT,22.17,22.33,22.01,22.25,6171319
20101112,MSFT,22.75,22.88,22.74,22.87,5995337
20101115,MSFT,22.6,22.63,22.42,22.5,19917216
20101116,MSFT,22.32,22.38,22.16,22.3,12489264
20101117,MSFT,22.1,22.25,21.93,22.04,8097401
20101118,MSFT,21.92,22.12,21.85,21.88,1024046
20101119,MSFT,22.2,22.28,21.96,22.23,17630918
20101122,MSFT,22.5,22.64,22.39,22.41,6439857
20101123,MSFT,22.48,22.59,22.31,22.39,9571289
20101124,MSFT,22.13,22.22,22.04,22.15,16063940
20101125,MSFT,22.09,22.2,22.02,22.12,10032021
20101126,MSFT,21.75,21.91,21.67,21.76,10518855
20101129,MSFT,22.2,22.35,22.06,22.17,12382984
20101130,MSFT,22.31,22.4,22.23,22.26,16671274
20101201,MSFT,22.36,22.47,22.34,22.37,16673422
20101202,MSFT,21.91,21.92,21.71,21.86,16010763
20101203,MSFT,21.7,21.91,21.46,21.64,12345457
20101206,MSFT,21.79,21.96,21.69,21.86,1124332
20101207,MSFT,21.19,21.32,21.17,21.29,1230698
20101208,MSFT,20.84,20.87,20.78,20.8,13386395
20101209,MSFT,20.85,20.94,20.85,20.89,8805375
20101210,MSFT,20.87,20.99,20.77,20.81,6982501
20101213,MSFT,21.35,21.45,21.18,21.26,19999481
20101214,MSFT,21.22,21.27,21.16,21.21,6271682
20101215,MSFT,21.38,21.48,21.37,21.41,8607525
20101216,MSFT,21.54,21.64,21.51,21.55,4240782
20101217,MSFT,21.56,21.63,21.53,21.53,7531579
20101220,MSFT,20.7,20.79,20.59,20.67,1538797
20101221,MSFT,20.59,20.66,20.46,20.6,12198918
20101222,MSFT,20.87,20.9,20.82,20.88,16622617
20101223,MSFT,20.83,20.94,20.78,20.79,5437121
20101224,MSFT,20.71,20.84,20.67,20.8,16134276
20101227,MSFT,20.46,20.47,20.45,20.45,4332123
20101228,MSFT,20.87,20.9,20.74,20.85,19887689
20101229,MSFT,20.81,21.01,20.76,20.83,15965719
20101230,MSFT,21.05,21.08,21.0,21.03,17715242
20101231,MSFT,20.2,20.27,20.19,20.26,14712541
20100104,GE,14.87,14.88,14.86,14.86,16453622
20100105,GE,14.66,14.75,14.6,14.65,11729653
20100106,GE,14.73,14.75,14.72,14.75,2308165
20100107,GE,14.61,14.78,14.53,14.67,16045404
20100108,GE,14.56,14.7,14.48,14.57,9611939
20100111,GE,14.52,14.6,14.43,14.51,17405881
20100112,GE,14.66,14.71,14.63,14.68,3704756
20100113,GE,14.84,14.91,14.8,14.83,8237379
20100114,GE,14.73,14.79,14.71,14.77,6063084
20100115,GE,15.03,15.11,14.93,15.03,15117812
20100118,GE,15.11,15.15,15.09,15.1,9272841
20100119,GE,14.76,14.85,14.75,14.79,13769284
20100120,GE,14.77,14.9,14.73,14.81,4099101
20100121,GE,14.53,14.6,14.45,14.48,10996903
20100122,GE,14.63,14.65,14.61,14.62,15234457
20100125,GE,14.53,14.55,14.4,14.51,17718962
20100126,GE,14.57,14.64,14.56,14.6,4468811
20100127,GE,14.62,14.64,14.59,14.64,13013960
20100128,GE,14.21,14.28,14.14,14.26,1241965
20100129,GE,14.23,14.42,14.18,14.28,14382521
20100201,GE,14.47,14.54,14.35,14.43,10546563
20100202,GE,14.62,14.67,14.53,14.6,3207020
20100203,GE,14.5,14.51,14.38,14.48,12818939
20100204,GE,13.86,13.97,13.81,13.9,9765946
20100205,GE,13.89,13.98,13.86,13.9,5957186
20100208,GE,13.9,13.96,13.89,13.9,17680162
20100209,GE,13.79,13.8,13.77,13.8,8702061
20100210,GE,13.64,13.66,13.59,13.62,2709547
20100211,GE,13.3,13.33,13.21,13.3,11688447
20100212,GE,13.37,13.44,13.28,13.34,15335766
20100215,GE,13.18,13.21,13.13,13.19,8855545
20100216,GE,13.05,13.12,12.9,13.0,19770580
20100217,GE,12.79,12.83,12.74,12.76,9923055
20100218,GE,12.4,12.49,12.34,12.39,19194391
20100219,GE,12.42,12.49,12.36,12.45,11318714
20100222,GE,12.63,12.65,12.61,12.64,14074812
20100223,GE,12.66,12.74,12.61,12.71,6348230
20100224,GE,12.79,12.84,12.69,12.82,6513360
20100225,GE,12.48,12.51,12.47,12.5,8892706
20100226,GE,12.86,12.93,12.77,12.78,16266789
20100301,GE,12.63,12.73,12.6,12.64,6036000
20100302,GE,12.91,13.0,12.9,12.94,6918410
20100303,GE,12.88,12.95,12.85,12.94,19938345
20100304,GE,12.77,12.87,12.71,12.75,17976161
20100305,GE,12.87,12.96,12.78,12.92,6024649
20100308,GE,13.12,13.19,13.03,13.14,18992087
20100309,GE,13.1,13.15,13.02,13.06,16487827
20100310,GE,13.11,13.14,13.09,13.14,5390147
20100311,GE,13.18,13.24,13.16,13.21,1585105
20100312,GE,13.41,13.45,13.34,13.42,8920980
20100315,GE,13.41,13.49,13.33,13.47,2007785
20100316,GE,13.13,13.17,13.07,13.07,5962285
20100317,GE,13.14,13.17,13.09,13.12,8389070
20100318,GE,12.87,12.91,12.76,12.81,4160826
20100319,GE,12.76,12.87,12.73,12.77,13134285
20100322,GE,12.9,12.96,12.86,12.9,17632880
20100323,GE,13.34,13.38,13.3,13.32,7993970
20100324,GE,13.15,13.27,13.14,13.17,16961941
20100325,GE,13.32,13.35,13.28,13.29,18796954
20100326,GE,13.18,13.31,13.15,13.2,18703264
20100329,GE,13.3,13.31,13.2,13.29,5453765
20100330,GE,13.55,13.61,13.5,13.52,17587599
20100331,GE,13.81,13.82,13.72,13.8,8215468
20100401,GE,13.89,13.91,13.78,13.81,12738572
20100402,GE,13.87,13.88,13.73,13.83,18863008
20100405,GE,14.22,14.23,14.12,14.21,7350353
20100406,GE,14.52,14.53,14.47,14.52,19555930
20100407,GE,14.5,14.72,14.42,14.59,19950186
20100408,GE,14.79,14.84,14.72,14.82,9964059
20100409,GE,14.91,15.01,14.88,14.91,19725990
20100412,GE,14.56,14.6,14.55,14.58,11006438
20100413,GE,14.68,14.8,14.67,14.69,17401556
20100414,GE,14.52,14.6,14.48,14.57,5774469
20100415,GE,14.33,14.46,14.33,14.38,8803614
20100416,GE,14.23,14.29,14.08,14.18,4373422
20100419,GE,14.62,14.67,14.59,14.63,9032032
20100420,GE,14.47,14.57,14.29,14.41,15517489
20100421,GE,14.37,14.43,14.36,14.38,11558330
20100422,GE,14.8,14.86,14.75,14.76,12175762
20100423,GE,14.75,14.78,14.62,14.73,2041066
20100426,GE,14.5,14.55,14.43,14.53,16976834
20100427,GE,14.46,14.6,14.4,14.44,8326361
20100428,GE,14.29,14.33,14.29,14.29,2636775
20100429,GE,14.36,14.39,14.21,14.38,4140649
20100430,GE,14.48,14.59,14.37,14.51,14385741
20100503,GE,14.36,14.39,14.33,14.39,10606682
20100504,GE,14.04,14.06,13.96,14.04,15567093
20100505,GE,14.27,14.35,14.15,14.33,13887220
20100506,GE,14.48,14.72,14.43,14.55,19305998
20100507,GE,14.44,14.49,14.38,14.48,17837892
20100510,GE,14.75,14.86,14.59,14.67,12436578
20100511,GE,15.16,15.16,15.11,15.12,12606569
20100512,GE,15.36,15.38,15.31,15.35,3373853
20100513,GE,14.95,15.1,14.9,15.02,2330777
20100514,GE,14.89,14.9,14.73,14.81,17906847
20100517,GE,14.76,14.8,14.75,14.79,2075704
20100518,GE,15.08,15.13,15.06,15.13,7679582
20100519,GE,15.32,15.37,15.28,15.3,19843421
20100520,GE,15.1,15.17,14.99,15.11,3962196
20100521,GE,15.04,15.06,14.92,14.97,18812240
20100524,GE,15.1,15.17,15.03,15.08,1260835
20100525,GE,15.14,15.18,15.01,15.11,2920883
20100526,GE,15.18,15.22,15.17,15.2,11823398
20100527,GE,14.72,14.78,14.72,14.72,13837188
20100528,GE,14.88,14.96,14.82,14.84,6173427
20100531,GE,14.84,14.86,14.75,14.85,6526548
20100601,GE,14.86,14.86,14.78,14.84,18279381
20100602,GE,15.14,15.19,15.07,15.13,7720109
20100603,GE,14.89,14.96,14.79,14.89,3886649
20100604,GE,14.72,14.87,14.55,14.77,3318743
20100607,GE,14.84,15.07,14.81,14.91,16584597
20100608,GE,15.24,15.31,15.24,15.29,19781860
20100609,GE,15.39,15.46,15.39,15.41,5658250
20100610,GE,15.39,15.4,15.32,15.38,17445207
20100611,GE,15.4,15.44,15.35,15.43,6510896
20100614,GE,15.65,15.77,15.63,15.71,19547664
20100615,GE,15.69,15.72,15.61,15.66,12640067
20100616,GE,15.9,15.98,15.82,15.87,17281430
20100617,GE,16.15,16.31,16.09,16.18,14725389
20100618,GE,16.4,16.49,16.29,16.32,9303819
20100621,GE,16.37,16.39,16.3,16.31,10924907
20100622,GE,16.64,16.67,16.52,16.54,9026720
20100623,GE,16.45,16.54,16.39,16.51,8951879
20100624,GE,16.49,16.58,16.44,16.45,9894334
20100625,GE,16.28,16.49,16.25,16.42,14190236
20100628,GE,16.91,16.92,16.9,16.91,7422236
20100629,GE,16.72,16.87,16.68,16.73,10328459
20100630,GE,16.67,16.85,16.58,16.64,9903327
20100701,GE,16.53,16.63,16.38,16.53,17219787
20100702,GE,16.44,16.5,16.35,16.44,10630394
20100705,GE,16.75,16.8,16.6,16.7,3525184
20100706,GE,16.62,16.63,16.52,16.55,12776209
20100707,GE,16.38,16.42,16.34,16.37,6009182
20100708,GE,16.53,16.55,16.39,16.5,11709731
20100709,GE,16.47,16.5,16.35,16.41,17755041
20100712,GE,16.82,16.87,16.77,16.8,15550891
20100713,GE,16.42,16.44,16.36,16.42,19740961
20100714,GE,16.23,16.29,16.03,16.18,17151146
20100715,GE,16.24,16.4,16.24,16.25,19230389
20100716,GE,16.98,17.02,16.87,16.93,5663652
20100719,GE,17.02,17.08,16.98,16.99,12797978
20100720,GE,16.58,16.59,16.54,16.59,14578889
20100721,GE,16.53,16.55,16.37,16.48,17893805
20100722,GE,16.33,16.35,16.18,16.24,16511417
20100723,GE,16.35,16.35,16.25,16.32,9911639
20100726,GE,16.09,16.1,16.06,16.1,6647922
20100727,GE,16.31,16.35,16.24,16.29,11692102
20100728,GE,16.2,16.24,16.13,16.2,10703022
20100729,GE,15.8,15.81,15.76,15.8,6098039
20100730,GE,15.71,15.85,15.67,15.79,6440826
20100802,GE,15.82,15.87,15.79,15.83,1082483
20100803,GE,16.05,16.11,16.02,16.09,14450729
20100804,GE,15.91,16.06,15.89,15.9,11589349
20100805,GE,15.89,15.96,15.83,15.95,18563696
20100806,GE,15.86,15.9,15.66,15.78,11020582
20100809,GE,15.26,15.35,15.11,15.34,3728880
20100810,GE,14.88,14.88,14.79,14.85,13486602
20100811,GE,14.62,14.66,14.58,14.6,4266089
20100812,GE,14.24,14.28,14.18,14.22,8501376
20100813,GE,14.56,14.56,14.45,14.45,8957490
20100816,GE,14.42,14.45,14.29,14.44,3758739
20100817,GE,14.2,14.33,14.15,14.27,13833513
20100818,GE,14.24,14.27,14.18,14.21,8884254
20100819,GE,14.23,14.24,14.22,14.23,10369859
20100820,GE,14.19,14.27,14.03,14.13,12284629
20100823,GE,14.34,14.49,14.16,14.26,2676497
20100824,GE,14.23,14.34,14.18,14.22,14912755
20100825,GE,14.29,14.3,14.12,14.22,4378349
20100826,GE,14.14,14.15,14.04,14.08,7302860
20100827,GE,14.18,14.36,14.14,14.27,2404347
20100830,GE,14.32,14.46,14.28,14.42,17424275
20100831,GE,14.25,14.28,14.21,14.25,11975333
20100901,GE,14.48,14.54,14.42,14.53,6204328
20100902,GE,14.71,14.74,14.6,14.61,14245611
20100903,GE,14.25,14.26,14.14,14.25,13062752
20100906,GE,14.25,14.25,14.17,14.2,17601416
20100907,GE,14.61,14.66,14.58,14.61,11998004
20100908,GE,14.37,14.44,14.36,14.4,10708392
20100909,GE,14.27,14.32,14.26,14.31,2622297
20100910,GE,14.47,14.63,14.36,14.43,5080010
20100913,GE,14.42,14.45,14.38,14.45,16954736
20100914,GE,14.71,14.75,14.62,14.71,15941428
20100915,GE,14.93,15.02,14.91,14.92,17245432
20100916,GE,15.02,15.07,14.99,15.04,19264256
20100917,GE,14.75,14.76,14.58,14.73,19841738
20100920,GE,14.66,14.78,14.59,14.62,16519029
20100921,GE,14.83,14.87,14.81,14.84,3251768
20100922,GE,14.99,15.01,14.91,15.0,3317444
20100923,GE,15.18,15.19,15.18,15.19,13014138
20100924,GE,15.4,15.42,15.33,15.42,7467943
20100927,GE,15.69,15.78,15.65,15.68,7388518
20100928,GE,15.82,15.83,15.64,15.76,19737564
20100929,GE,15.88,15.99,15.79,15.93,2246022
20100930,GE,15.75,15.79,15.68,15.76,7079785
20101001,GE,15.99,16.04,15.84,15.9,17917408
20101004,GE,16.14,16.16,15.97,16.06,10481302
20101005,GE,16.27,16.33,16.24,16.3,19083010
20101006,GE,16.38,16.46,16.27,16.39,5753006
20101007,GE,16.42,16.49,16.28,16.29,8025302
20101008,GE,16.2,16.23,16.1,16.22,18967772
20101011,GE,16.04,16.05,15.8,15.97,14526924
20101012,GE,15.61,15.63,15.58,15.6,18135513
20101013,GE,15.57,15.68,15.48,15.53,4415399
20101014,GE,15.67,15.78,15.64,15.7,16455705
20101015,GE,15.97,16.03,15.85,15.92,4220017
20101018,GE,15.88,15.99,15.83,15.91,15540176
20101019,GE,15.79,15.87,15.74,15.79,13983134
20101020,GE,15.64,15.7,15.54,15.68,16804849
20101021,GE,15.88,15.88,15.81,15.86,1170886
20101022,GE,16.59,16.75,16.52,16.6,10209631
20101025,GE,16.6,16.65,16.58,16.61,2241107
20101026,GE,16.49,16.52,16.42,16.5,12038027
20101027,GE,16.38,16.47,16.31,16.4,10752732
20101028,GE,16.24,16.4,16.22,16.26,1754936
20101029,GE,16.57,16.73,16.47,16.52,14984226
20101101,GE,16.33,16.39,16.31,16.34,18277256
20101102,GE,16.65,16.68,16.54,16.61,7267033
20101103,GE,16.3,16.32,16.28,16.3,14719116
20101104,GE,16.59,16.63,16.52,16.56,4125707
20101105,GE,16.45,16.51,16.39,16.4,9065087
20101108,GE,16.26,16.31,16.25,16.31,10833971
20101109,GE,16.11,16.16,15.97,16.01,13395113
20101110,GE,15.82,15.94,15.74,15.83,5471494
20101111,GE,16.19,16.22,16.17,16.18,5530956
20101112,GE,15.67,15.68,15.59,15.63,9503460
20101115,GE,15.88,16.0,15.84,15.93,11699058
20101116,GE,16.0,16.06,15.92,15.97,10390867
20101117,GE,15.89,15.98,15.82,15.95,14384518
20101118,GE,16.24,16.3,16.19,16.21,8061459
20101119,GE,16.11,16.19,16.05,16.08,12565408
20101122,GE,16.2,16.29,16.1,16.22,19200739
20101123,GE,16.52,16.59,16.46,16.54,8414714
20101124,GE,16.15,16.22,16.14,16.17,18503773
20101125,GE,16.24,16.42,16.18,16.24,12912903
20101126,GE,16.32,16.42,16.27,16.29,7333209
20101129,GE,16.52,16.74,16.52,16.62,12752886
20101130,GE,16.54,16.62,16.51,16.56,18354430
20101201,GE,16.39,16.43,16.3,16.39,3054662
20101202,GE,16.33,16.41,16.31,16.36,11118077
20101203,GE,16.1,16.18,16.07,16.14,6915086
20101206,GE,16.74,16.76,16.74,16.75,13498433
20101207,GE,16.38,16.43,16.28,16.4,8447981
20101208,GE,16.26,16.36,16.2,16.28,2818582
20101209,GE,16.09,16.1,15.9,16.03,15288385
20101210,GE,16.56,16.65,16.49,16.6,4220016
20101213,GE,17.14,17.2,17.09,17.11,9056551
20101214,GE,17.37,17.48,17.22,17.3,3267908
20101215,GE,17.21,17.39,17.14,17.3,11701121
20101216,GE,17.28,17.42,17.17,17.26,10111636
20101217,GE,17.11,17.25,17.02,17.09,1353236
20101220,GE,17.38,17.51,17.32,17.42,2677118
20101221,GE,17.23,17.26,17.22,17.23,12866704
20101222,GE,17.76,17.82,17.68,17.77,16400389
20101223,GE,17.54,17.61,17.47,17.6,4186759
20101224,GE,17.42,17.46,17.26,17.39,18901328
20101227,GE,17.44,17.45,17.25,17.43,1382884
20101228,GE,16.83,16.95,16.71,16.84,13333486
20101229,GE,16.61,16.77,16.56,16.65,10948668
20101230,GE,16.49,16.56,16.47,16.49,9983467
20101231,GE,16.36,16.5,16.34,16.44,5629018
20100104,XOM,66.15,66.21,65.44,65.52,17930560
20100105,XOM,66.42,66.99,66.22,66.62,4105951
20100106,XOM,65.03,65.23,64.9,65.15,9352864
20100107,XOM,65.97,66.02,65.81,65.92,9646759
20100108,XOM,66.43,66.79,66.22,66.44,12458158
20100111,XOM,68.76,69.19,68.33,68.55,18057474
20100112,XOM,68.46,68.82,68.26,68.51,7611071
20100113,XOM,68.9,69.33,68.62,68.88,11363632
20100114,XOM,69.51,69.66,68.93,69.46,5279243
20100115,XOM,69.13,69.47,68.85,69.2,17546398
20100118,XOM,69.13,69.24,68.81,69.04,9688286
20100119,XOM,68.25,68.3,67.57,67.96,4660063
20100120,XOM,69.24,69.45,68.33,69.05,10700554
20100121,XOM,69.07,69.1,68.57,68.79,10590433
20100122,XOM,68.69,69.07,68.3,68.74,19457600
20100125,XOM,68.03,68.3,67.91,68.1,12911238
20100126,XOM,68.95,69.19,68.18,68.66,13743161
20100127,XOM,68.36,68.78,68.08,68.7,2822106
20100128,XOM,68.22,68.64,68.21,68.36,5815791
20100129,XOM,68.55,68.6,68.35,68.43,14053647
20100201,XOM,69.26,69.92,69.01,69.55,16395312
20100202,XOM,68.85,68.96,68.59,68.83,13003642
20100203,XOM,68.3,68.55,68.02,68.09,5166067
20100204,XOM,68.15,68.49,67.6,67.97,1561247
20100205,XOM,68.86,69.37,68.23,68.5,14050850
20100208,XOM,68.13,68.52,68.06,68.32,12777044
20100209,XOM,70.17,70.27,69.65,69.84,7709830
20100210,XOM,68.52,69.11,68.41,68.77,3592083
20100211,XOM,68.84,69.27,68.25,68.61,18536282
20100212,XOM,68.23,68.54,67.87,68.09,9399734
20100215,XOM,68.43,68.65,68.28,68.56,8601968
20100216,XOM,66.4,66.98,66.02,66.68,17113627
20100217,XOM,66.25,66.27,66.15,66.25,5625415
20100218,XOM,65.89,66.08,65.6,65.82,1545140
20100219,XOM,65.55,65.76,64.92,65.6,12624630
20100222,XOM,64.17,64.48,64.1,64.46,1578688
20100223,XOM,64.1,64.12,63.8,63.92,18801675
20100224,XOM,65.16,65.55,64.48,64.84,14756461
20100225,XOM,63.93,64.42,63.87,64.05,11257829
20100226,XOM,64.81,65.21,64.74,65.02,9187996
20100301,XOM,64.11,64.55,64.06,64.38,18535641
20100302,XOM,64.13,64.63,64.09,64.41,7858092
20100303,XOM,64.2,64.81,63.89,63.99,19356311
20100304,XOM,64.46,64.78,64.42,64.67,17794830
20100305,XOM,64.1,64.33,63.86,64.06,9460243
20100308,XOM,63.32,63.58,63.14,63.38,12918045
20100309,XOM,61.4,61.5,61.23,61.41,8524700
20100310,XOM,60.72,61.3,60.45,60.64,6026489
20100311,XOM,59.9,60.04,59.2,59.73,3028311
20100312,XOM,61.02,61.32,60.73,61.04,12763592
20100315,XOM,60.83,61.05,60.68,60.95,2949457
20100316,XOM,60.74,61.0,60.32,60.41,19515981
20100317,XOM,60.06,60.21,59.97,59.99,10454260
20100318,XOM,59.36,59.79,59.06,59.13,17205137
20100319,XOM,59.49,59.51,59.15,59.43,15166905
20100322,XOM,57.66,57.69,57.46,57.63,9056956
20100323,XOM,57.67,57.78,57.4,57.51,1539440
20100324,XOM,57.42,57.61,57.39,57.6,4079281
20100325,XOM,55.53,55.67,55.46,55.47,1866377
20100326,XOM,56.05,56.29,55.83,56.1,14762345
20100329,XOM,56.3,56.36,56.1,56.15,15984778
20100330,XOM,55.08,55.35,54.81,55.13,17982889
20100331,XOM,54.78,54.9,54.67,54.79,1195118
20100401,XOM,55.56,55.79,55.4,55.54,17239796
20100402,XOM,54.65,54.71,54.53,54.7,10821461
20100405,XOM,54.91,55.13,54.83,55.1,6920399
20100406,XOM,55.06,55.54,54.84,55.22,8630987
20100407,XOM,55.63,55.65,55.55,55.64,6683695
20100408,XOM,55.13,55.23,54.66,55.22,14719959
20100409,XOM,55.6,55.88,55.21,55.37,8897089
20100412,XOM,56.92,57.13,56.57,56.82,11497891
20100413,XOM,56.48,56.68,56.26,56.28,18116514
20100414,XOM,55.23,55.42,54.78,55.02,8243718
20100415,XOM,53.17,53.46,53.05,53.15,8227627
20100416,XOM,53.86,54.12,53.69,53.78,19768164
20100419,XOM,54.47,54.59,54.13,54.44,7140721
20100420,XOM,55.56,55.57,55.09,55.38,10986632
20100421,XOM,54.69,54.84,54.22,54.44,17794198
20100422,XOM,54.62,55.13,54.55,54.65,10257588
20100423,XOM,53.34,53.73,53.26,53.4,19881240
20100426,XOM,54.31,54.59,53.83,53.9,3521416
20100427,XOM,53.69,54.02,53.58,53.91,11795793
20100428,XOM,51.96,52.28,51.81,52.06,9478365
20100429,XOM,51.74,51.83,51.64,51.79,9305135
20100430,XOM,52.46,52.75,52.21,52.41,15345017
20100503,XOM,51.32,51.74,51.25,51.3,1860245
20100504,XOM,52.15,52.16,51.96,52.05,13809235
20100505,XOM,51.02,51.12,50.7,50.9,7912152
20100506,XOM,51.16,51.56,51.03,51.26,1423371
20100507,XOM,50.94,51.18,50.68,50.84,12120395
20100510,XOM,50.47,50.6,50.26,50.5,3877184
20100511,XOM,50.11,50.28,49.97,50.27,19439136
20100512,XOM,49.45,49.96,49.2,49.77,9045816
20100513,XOM,50.24,50.58,49.82,50.04,16387941
20100514,XOM,51.34,51.75,51.21,51.54,19173306
20100517,XOM,52.97,53.27,52.56,52.9,6511138
20100518,XOM,52.11,52.3,51.91,52.25,5890987
20100519,XOM,51.65,51.85,51.29,51.62,5733131
20100520,XOM,51.71,51.8,51.52,51.7,5615115
20100521,XOM,52.83,53.05,52.58,52.99,2603890
20100524,XOM,53.38,53.87,53.27,53.74,14008053
20100525,XOM,55.26,55.54,55.15,55.42,3507158
20100526,XOM,53.34,53.36,53.06,53.14,14759656
20100527,XOM,52.81,52.86,52.44,52.83,7912270
20100528,XOM,53.58,53.78,53.37,53.65,7966922
20100531,XOM,53.29,53.56,52.93,53.05,4520094
20100601,XOM,54.09,54.18,53.9,54.15,3319629
20100602,XOM,54.18,54.4,54.03,54.08,9066688
20100603,XOM,54.82,54.87,54.08,54.57,16128125
20100604,XOM,52.78,53.21,52.68,52.87,14229543
20100607,XOM,53.34,53.44,53.28,53.41,3578442
20100608,XOM,51.93,52.04,51.82,51.9,2050858
20100609,XOM,52.98,53.15,52.92,53.02,17869972
20100610,XOM,53.33,53.65,53.08,53.56,6951804
20100611,XOM,54.26,54.37,54.06,54.15,2370919
20100614,XOM,55.43,55.5,55.35,55.46,18760846
20100615,XOM,55.7,55.74,55.41,55.62,14939884
20100616,XOM,54.96,55.19,54.73,54.74,19167945
20100617,XOM,54.77,55.02,54.54,54.7,8244846
20100618,XOM,55.64,55.83,55.52,55.65,15503674
20100621,XOM,56.21,56.54,56.11,56.16,7507008
20100622,XOM,56.6,56.94,56.54,56.58,11211431
20100623,XOM,58.17,58.26,57.69,58.01,18061821
20100624,XOM,56.72,57.09,56.51,56.66,8208284
20100625,XOM,57.06,57.37,56.98,57.25,16369954
20100628,XOM,57.85,58.66,57.65,58.34,12638363
20100629,XOM,58.03,58.17,57.6,58.11,3401390
20100630,XOM,58.92,59.08,58.88,58.94,4266167
20100701,XOM,60.0,60.38,59.5,59.6,18907348
20100702,XOM,59.71,60.08,59.57,59.85,12898269
20100705,XOM,60.96,61.04,60.91,60.95,5731622
20100706,XOM,60.67,61.24,60.62,61.06,7604426
20100707,XOM,62.35,62.81,61.52,62.22,18181446
20100708,XOM,62.81,63.02,62.5,62.65,13681930
20100709,XOM,61.73,62.05,61.28,61.66,5138311
20100712,XOM,62.56,62.95,62.47,62.73,13584488
20100713,XOM,62.1,62.58,61.7,62.34,14636245
20100714,XOM,63.61,63.64,63.35,63.36,14086641
20100715,XOM,61.95,62.23,61.78,62.04,4323737
20100716,XOM,61.18,61.27,60.91,61.04,6852111
20100719,XOM,60.41,60.6,60.25,60.34,16717729
20100720,XOM,59.12,59.27,59.08,59.11,19520758
20100721,XOM,58.87,59.19,58.16,58.79,3557389
20100722,XOM,57.97,58.0,57.58,57.95,15475600
20100723,XOM,56.96,57.28,56.7,57.02,12953144
20100726,XOM,56.06,56.08,55.87,56.0,19343977
20100727,XOM,55.17,55.3,54.75,55.19,17705387
20100728,XOM,56.0,56.17,55.71,55.88,8185844
20100729,XOM,55.54,56.01,55.36,55.46,1662677
20100730,XOM,56.3,56.73,56.24,56.5,3385770
20100802,XOM,56.05,56.1,55.86,56.04,7904699
20100803,XOM,56.61,56.72,56.06,56.47,12029781
20100804,XOM,56.66,56.85,56.13,56.52,14649089
20100805,XOM,56.49,56.82,56.39,56.57,10877664
20100806,XOM,55.84,55.99,55.82,55.98,18268656
20100809,XOM,55.57,55.83,55.31,55.49,1823975
20100810,XOM,56.43,56.77,56.26,56.58,16759289
20100811,XOM,57.63,57.99,57.57,57.78,13616716
20100812,XOM,57.23,57.46,56.89,57.19,3456767
20100813,XOM,57.06,57.15,56.92,56.97,5510826
20100816,XOM,57.43,57.44,57.18,57.42,13510420
20100817,XOM,56.1,56.33,56.07,56.29,19859261
20100818,XOM,57.46,57.97,57.38,57.65,11520109
20100819,XOM,56.79,56.89,56.39,56.69,6374045
20100820,XOM,57.09,57.35,56.89,57.25,19068928
20100823,XOM,58.34,58.39,57.76,57.8,17067583
20100824,XOM,58.31,58.54,57.95,57.96,13604793
20100825,XOM,57.81,57.99,57.69,57.81,7979195
20100826,XOM,57.21,57.51,56.96,57.32,13442381
20100827,XOM,59.16,59.51,58.51,58.9,2377661
20100830,XOM,58.22,58.54,57.7,58.01,6290743
20100831,XOM,57.85,58.37,57.22,57.63,7171490
20100901,XOM,57.51,57.64,57.47,57.57,4676997
20100902,XOM,59.24,59.64,58.86,58.94,7928151
20100903,XOM,59.04,59.17,58.75,59.05,1735516
20100906,XOM,59.41,59.79,59.3,59.39,7692013
20100907,XOM,59.43,59.74,59.17,59.52,2875146
20100908,XOM,59.88,60.16,59.59,59.71,15447979
20100909,XOM,59.42,59.5,59.15,59.44,10392365
20100910,XOM,59.67,60.06,59.56,59.98,13685001
20100913,XOM,57.97,58.34,57.81,58.05,11477522
20100914,XOM,57.43,57.66,57.3,57.55,18063272
20100915,XOM,57.83,58.22,57.5,58.16,9933918
20100916,XOM,58.21,58.22,58.05,58.08,1465400
20100917,XOM,56.04,56.29,55.88,56.26,15579206
20100920,XOM,58.23,58.73,57.71,58.01,5924276
20100921,XOM,56.85,57.16,56.69,56.89,16386558
20100922,XOM,59.08,59.45,59.05,59.35,10679261
20100923,XOM,58.93,58.99,58.71,58.91,3226052
20100924,XOM,58.39,58.5,58.11,58.14,17811819
20100927,XOM,58.89,59.37,58.72,59.19,3886705
20100928,XOM,58.72,58.86,58.63,58.75,17762316
20100929,XOM,58.28,58.87,57.91,58.13,12403009
20100930,XOM,59.8,60.03,59.76,59.78,8808031
20101001,XOM,60.59,60.63,60.44,60.56,4455005
20101004,XOM,61.4,61.58,60.92,61.35,14171312
20101005,XOM,61.5,61.75,61.31,61.53,15378431
20101006,XOM,62.12,62.18,61.97,62.09,4414576
20101007,XOM,62.27,62.51,61.96,62.07,1135649
20101008,XOM,62.0,62.37,61.41,61.86,18494028
20101011,XOM,61.27,61.29,61.07,61.08,8702142
20101012,XOM,60.84,61.23,60.83,60.98,19546191
20101013,XOM,60.65,60.66,60.27,60.56,4351190
20101014,XOM,61.88,62.14,61.77,62.12,9622323
20101015,XOM,62.16,62.39,62.16,62.21,19438872
20101018,XOM,63.45,63.68,63.36,63.44,9331675
20101019,XOM,63.06,63.63,62.95,63.08,8708743
20101020,XOM,62.06,62.29,62.0,62.09,11923208
20101021,XOM,62.12,62.16,62.08,62.09,8990438
20101022,XOM,64.47,64.75,64.32,64.33,19080179
20101025,XOM,62.39,62.93,62.37,62.45,1666948
20101026,XOM,62.6,62.73,62.57,62.63,18751224
20101027,XOM,62.42,62.76,61.9,62.29,13424257
20101028,XOM,62.37,62.96,61.98,62.68,6505606
20101029,XOM,63.2,63.44,62.98,63.07,16674534
20101101,XOM,64.32,64.51,64.14,64.27,1543169
20101102,XOM,63.66,63.67,63.12,63.45,1479577
20101103,XOM,62.02,62.24,61.86,62.08,18802761
20101104,XOM,60.82,60.87,60.72,60.83,6078539
20101105,XOM,61.13,61.49,60.66,60.88,11293865
20101108,XOM,61.75,62.16,61.5,61.55,4448789
20101109,XOM,61.41,61.43,61.32,61.43,10636220
20101110,XOM,63.84,64.35,63.21,63.6,9232305
20101111,XOM,62.96,63.4,62.64,62.75,5107269
20101112,XOM,61.78,61.98,61.36,61.49,4715838
20101115,XOM,61.3,61.56,60.95,61.23,3808253
20101116,XOM,60.71,60.92,60.65,60.83,3116745
20101117,XOM,61.47,61.5,61.06,61.32,9044074
20101118,XOM,61.59,61.85,61.12,61.29,12012360
20101119,XOM,61.47,61.95,61.15,61.32,17729566
20101122,XOM,61.27,61.38,61.06,61.22,11110322
20101123,XOM,60.67,61.23,60.52,61.02,19685410
20101124,XOM,63.28,63.8,63.14,63.2,3529476
20101125,XOM,64.03,64.58,63.9,64.25,12336767
20101126,XOM,64.18,64.39,63.68,63.97,16417661
20101129,XOM,63.17,63.46,62.9,63.22,9672555
20101130,XOM,62.47,63.05,62.35,62.62,18090011
20101201,XOM,62.06,62.69,61.96,62.4,13951818
20101202,XOM,62.68,62.85,62.23,62.59,7259627
20101203,XOM,62.13,62.43,62.12,62.13,6096794
20101206,XOM,62.64,62.75,62.21,62.36,11095751
20101207,XOM,63.19,63.53,62.95,63.12,12976139
20101208,XOM,63.1,63.2,63.03,63.18,16565204
20101209,XOM,63.86,64.24,63.85,63.9,19070732
20101210,XOM,65.21,65.42,64.75,65.07,13709177
20101213,XOM,65.16,65.35,64.88,64.88,15209389
20101214,XOM,63.58,64.37,63.25,64.19,8588114
20101215,XOM,65.75,65.91,65.53,65.66,13762991
20101216,XOM,66.66,66.71,66.51,66.53,3849200
20101217,XOM,66.28,66.33,66.01,66.15,2426511
20101220,XOM,66.04,66.38,65.86,66.31,4750304
20101221,XOM,65.36,65.81,65.2,65.54,10011521
20101222,XOM,65.73,65.77,65.54,65.63,14849036
20101223,XOM,65.35,65.83,65.21,65.62,4863740
20101224,XOM,67.14,67.46,66.86,66.89,14566423
20101227,XOM,67.08,67.25,66.89,66.96,3179008
20101228,XOM,67.77,67.84,67.65,67.71,11587182
20101229,XOM,67.97,68.02,67.37,67.88,19631239
20101230,XOM,68.76,69.25,68.65,68.87,11121574
20101231,XOM,69.29,69.89,68.86,69.12,12380331
20100104,KO,55.8,55.96,55.61,55.94,7450584
20100105,KO,55.94,56.36,55.59,55.82,11399712
20100106,KO,55.51,55.77,55.1,55.16,11457477
20100107,KO,55.46,55.65,54.9,55.29,18559026
20100108,KO,56.21,56.3,56.08,56.19,7777687
20100111,KO,55.36,55.76,55.33,55.41,17207454
20100112,KO,55.93,56.43,55.78,56.07,9884466
20100113,KO,54.89,55.33,54.78,55.03,4543685
20100114,KO,56.3,56.33,55.91,55.92,6607242
20100115,KO,54.26,54.43,54.01,54.14,11093556
20100118,KO,53.75,53.77,53.45,53.57,7231473
20100119,KO,54.98,55.06,54.89,55.01,12529250
20100120,KO,55.38,55.39,55.24,55.38,17744021
20100121,KO,57.02,57.22,56.77,57.04,9470184
20100122,KO,56.71,57.03,56.65,56.89,12724899
20100125,KO,55.98,56.14,55.65,55.89,17328561
20100126,KO,56.44,56.57,56.0,56.29,4465932
20100127,KO,58.44,58.45,58.25,58.29,18639587
20100128,KO,58.66,58.89,58.13,58.79,17954317
20100129,KO,59.35,59.88,58.95,59.53,3081072
20100201,KO,59.27,59.64,59.03,59.57,13627523
20100202,KO,61.17,61.18,60.69,60.94,13044438
20100203,KO,60.55,60.78,60.23,60.47,10379638
20100204,KO,60.12,60.45,59.53,59.93,15059233
20100205,KO,58.63,59.01,58.47,58.64,8457793
20100208,KO,57.78,57.86,57.65,57.69,12043500
20100209,KO,58.96,59.17,58.73,58.77,9616851
20100210,KO,59.65,60.27,59.2,59.28,7256154
20100211,KO,58.97,59.7,58.94,59.34,8667694
20100212,KO,59.94,60.3,59.86,60.06,9620311
20100215,KO,61.38,61.48,60.96,61.05,11371718
20100216,KO,60.68,60.98,60.55,60.87,16659554
20100217,KO,61.41,61.7,61.14,61.38,12588487
20100218,KO,59.7,59.91,59.58,59.71,2668048
20100219,KO,57.36,57.51,56.97,57.43,6243859
20100222,KO,57.9,57.94,57.51,57.92,6470022
20100223,KO,57.88,58.03,57.68,57.93,12942601
20100224,KO,57.36,57.63,57.05,57.54,7565459
20100225,KO,59.13,59.38,59.09,59.25,9011825
20100226,KO,60.03,60.18,59.74,60.02,12544551
20100301,KO,60.46,60.73,60.24,60.57,4197959
20100302,KO,60.81,61.26,60.53,61.06,14228697
20100303,KO,60.32,60.86,60.16,60.65,8688033
20100304,KO,60.09,60.18,59.82,59.92,2974758
20100305,KO,58.94,59.6,58.65,58.94,12251676
20100308,KO,61.61,62.16,61.41,61.54,2568719
20100309,KO,62.59,62.81,62.18,62.27,4631030
20100310,KO,64.46,64.61,63.79,64.25,10639887
20100311,KO,63.62,64.01,63.25,63.28,11245787
20100312,KO,63.7,64.07,63.63,63.98,4603033
20100315,KO,64.92,65.03,64.59,64.84,1190201
20100316,KO,64.75,65.01,64.43,64.99,15190211
20100317,KO,63.56,63.82,62.9,63.65,15515674
20100318,KO,64.07,64.22,63.89,63.92,6271396
20100319,KO,62.87,63.03,62.83,62.89,5644553
20100322,KO,64.88,65.07,64.75,65.0,1319119
20100323,KO,65.9,66.14,65.85,66.04,11194852
20100324,KO,66.57,66.8,66.01,66.22,14291518
20100325,KO,67.52,67.68,66.9,67.34,13969559
20100326,KO,68.18,68.26,67.84,68.17,9373068
20100329,KO,67.66,67.95,67.07,67.36,16353188
20100330,KO,66.6,66.85,65.98,66.53,5512816
20100331,KO,64.75,64.98,64.66,64.9,6729953
20100401,KO,64.22,64.57,63.82,64.33,16241126
20100402,KO,63.77,63.93,63.65,63.83,16706851
20100405,KO,63.33,63.47,62.85,63.25,6384245
20100406,KO,64.13,64.87,63.9,64.6,16278986
20100407,KO,64.42,64.81,63.91,64.2,17852663
20100408,KO,62.82,63.03,62.49,62.78,12955326
20100409,KO,61.17,62.15,60.7,61.39,7972046
20100412,KO,62.61,63.26,62.11,62.63,13472751
20100413,KO,63.33,63.37,62.96,63.02,17476557
20100414,KO,63.96,64.45,63.14,63.5,12199332
20100415,KO,63.88,64.67,63.73,64.04,11114500
20100416,KO,63.14,63.34,62.78,63.01,17403535
20100419,KO,62.93,63.1,62.71,63.0,3102550
20100420,KO,63.71,63.82,63.24,63.75,6457670
20100421,KO,64.13,64.14,63.53,63.96,14240350
20100422,KO,62.74,63.01,62.67,62.88,10056822
20100423,KO,62.57,62.88,62.43,62.64,14375104
20100426,KO,63.04,63.34,62.86,62.96,10557067
20100427,KO,62.5,62.89,62.07,62.87,8192572
20100428,KO,63.56,63.86,63.31,63.75,2520432
20100429,KO,63.37,63.61,63.0,63.57,9876303
20100430,KO,63.57,63.73,63.16,63.4,11729026
20100503,KO,63.57,63.83,62.92,63.18,7883707
20100504,KO,63.89,64.31,63.81,63.99,5808655
20100505,KO,63.61,64.05,63.16,63.59,8414593
20100506,KO,62.33,62.77,62.22,62.69,10052634
20100507,KO,61.42,61.59,61.23,61.3,8500076
20100510,KO,60.54,60.96,60.41,60.49,9699604
20100511,KO,60.73,60.75,60.34,60.43,17200560
20100512,KO,59.82,60.34,59.47,59.58,16064393
20100513,KO,60.88,61.5,60.5,61.12,13029847
20100514,KO,62.39,62.51,61.9,62.11,8216467
20100517,KO,60.92,61.32,60.34,61.27,11805561
20100518,KO,61.6,61.82,61.31,61.32,12081654
20100519,KO,60.9,61.07,60.81,61.07,8119764
20100520,KO,61.73,61.9,61.49,61.61,17004477
20100521,KO,62.91,62.91,62.55,62.88,7695507
20100524,KO,64.16,64.23,63.78,64.09,10866041
20100525,KO,62.74,63.31,62.66,62.8,3806636
20100526,KO,63.91,64.02,63.71,63.87,18186645
20100527,KO,63.56,64.05,63.44,63.94,19878198
20100528,KO,63.79,64.04,63.72,63.91,11710235
20100531,KO,63.03,63.11,62.45,62.8,10668878
20100601,KO,61.56,61.8,61.36,61.56,10793158
20100602,KO,60.39,60.85,60.15,60.73,8177202
20100603,KO,61.05,61.15,60.56,61.12,13647281
20100604,KO,59.47,59.79,59.37,59.56,13641244
20100607,KO,60.27,60.53,60.17,60.5,12556641
20100608,KO,60.42,60.48,60.04,60.3,6710290
20100609,KO,60.09,60.29,60.0,60.21,3993758
20100610,KO,59.51,59.79,59.25,59.44,13138183
20100611,KO,59.98,60.04,59.35,59.6,2979958
20100614,KO,59.74,60.15,59.47,60.03,19218168
20100615,KO,59.61,59.8,59.42,59.66,12625301
20100616,KO,59.95,60.19,59.68,59.81,8761723
20100617,KO,61.23,61.63,61.03,61.12,6259962
20100618,KO,60.29,60.53,59.8,60.52,8135633
20100621,KO,60.99,61.27,60.93,60.95,13116727
20100622,KO,61.78,61.99,61.71,61.83,19765742
20100623,KO,60.67,60.87,60.16,60.6,6359935
20100624,KO,60.45,60.96,59.85,60.81,10294770
20100625,KO,62.71,62.92,62.55,62.9,16108276
20100628,KO,63.17,63.22,62.83,63.15,17494529
20100629,KO,64.46,64.94,64.38,64.68,5131815
20100630,KO,64.79,65.0,64.54,64.62,1264750
20100701,KO,65.39,65.77,64.7,65.17,3684463
20100702,KO,64.99,65.32,64.98,65.15,4389091
20100705,KO,65.66,66.53,65.15,66.03,8620254
20100706,KO,64.91,65.39,64.64,64.96,14595998
20100707,KO,63.57,63.57,63.46,63.53,3226243
20100708,KO,62.21,62.28,62.11,62.12,13674661
20100709,KO,62.23,62.63,62.07,62.45,5750184
20100712,KO,64.53,64.56,63.83,64.15,6804848
20100713,KO,64.93,65.21,64.46,64.86,9179612
20100714,KO,64.99,65.48,64.22,65.11,8114045
20100715,KO,65.37,65.71,64.59,64.97,14991145
20100716,KO,65.85,65.92,65.63,65.8,6732157
20100719,KO,64.82,65.18,64.67,64.92,18480998
20100720,KO,65.29,65.58,64.44,64.83,8185470
20100721,KO,66.82,67.04,66.45,66.51,7186797
20100722,KO,65.76,66.06,65.16,65.58,5326013
20100723,KO,66.8,66.97,66.08,66.49,8179952
20100726,KO,65.66,65.84,65.22,65.48,15053962
20100727,KO,66.54,66.88,66.34,66.48,1501160
20100728,KO,64.9,65.12,64.46,64.86,16526156
20100729,KO,64.06,64.16,63.75,63.96,11665612
20100730,KO,63.14,63.14,62.58,62.84,13717828
20100802,KO,62.73,63.13,62.66,62.92,19863537
20100803,KO,63.05,63.29,62.89,63.2,18942721
20100804,KO,62.43,62.63,62.42,62.52,18553024
20100805,KO,62.9,63.13,62.45,62.72,6281325
20100806,KO,61.86,61.87,61.53,61.71,7669612
20100809,KO,62.33,62.45,62.07,62.17,7019447
20100810,KO,60.61,60.81,60.58,60.78,16940852
20100811,KO,62.31,62.51,62.01,62.36,3842114
20100812,KO,61.54,61.96,61.16,61.77,17836509
20100813,KO,62.08,62.19,61.68,62.06,14848032
20100816,KO,62.53,62.56,62.26,62.47,17134362
20100817,KO,63.89,63.96,63.71,63.79,11395854
20100818,KO,64.93,65.02,64.49,64.91,10073655
20100819,KO,65.74,65.98,65.18,65.4,6577843
20100820,KO,63.84,64.03,63.63,63.74,14521345
20100823,KO,63.2,63.78,62.91,63.26,2106871
20100824,KO,62.65,63.37,62.46,62.93,18673882
20100825,KO,64.09,64.34,63.62,64.09,8971328
20100826,KO,64.34,64.44,63.87,64.19,4197046
20100827,KO,64.93,65.01,64.76,64.82,3245688
20100830,KO,65.39,65.5,64.96,65.18,18891484
20100831,KO,64.46,64.93,64.22,64.25,17121047
20100901,KO,64.95,65.13,64.66,64.73,15901704
20100902,KO,64.68,64.76,64.66,64.68,16026539
20100903,KO,64.48,64.63,63.76,64.62,11460465
20100906,KO,64.58,65.17,64.03,64.25,9313987
20100907,KO,67.14,67.31,66.73,67.11,10614636
20100908,KO,68.25,68.73,67.7,67.9,3253107
20100909,KO,70.17,70.52,69.81,70.39,14377633
20100910,KO,71.34,71.38,71.15,71.24,10873686
20100913,KO,71.16,71.48,70.85,71.2,11214286
20100914,KO,71.6,71.76,71.47,71.6,19264799
20100915,KO,71.93,71.95,71.55,71.77,15338458
20100916,KO,73.57,74.03,73.44,73.53,11265468
20100917,KO,71.75,71.86,71.59,71.83,7463075
20100920,KO,72.81,73.14,72.39,72.65,2749221
20100921,KO,72.41,72.52,71.92,72.43,1524844
20100922,KO,72.27,72.66,72.22,72.27,9664681
20100923,KO,71.56,71.7,71.02,71.69,4956387
20100924,KO,70.83,71.09,70.32,70.63,12356247
20100927,KO,71.68,71.86,71.18,71.56,13677642
20100928,KO,70.86,71.2,70.51,70.67,11398635
20100929,KO,68.94,69.31,68.74,69.17,7903362
20100930,KO,68.42,68.6,68.18,68.33,3695128
20101001,KO,68.13,68.59,67.84,68.18,19407788
20101004,KO,69.83,70.07,69.5,69.92,15090707
20101005,KO,69.38,70.03,69.19,69.66,15736596
20101006,KO,69.08,69.77,68.82,69.37,2586246
20101007,KO,69.13,69.4,68.64,68.76,7812402
20101008,KO,69.39,69.67,68.95,69.54,19122854
20101011,KO,69.72,69.99,69.72,69.9,18418145
20101012,KO,69.42,69.67,68.63,69.16,17239218
20101013,KO,68.03,68.13,67.8,67.94,18465194
20101014,KO,67.98,68.29,67.71,68.11,7540133
20101015,KO,67.97,68.3,67.86,68.16,9521450
20101018,KO,67.64,68.0,67.53,67.53,12856744
20101019,KO,66.3,66.98,66.14,66.67,15007737
20101020,KO,67.31,67.92,67.04,67.7,11350289
20101021,KO,68.88,69.2,68.59,69.18,15318890
20101022,KO,68.59,69.33,68.48,68.86,16679704
20101025,KO,67.48,67.48,67.35,67.42,16091189
20101026,KO,67.09,67.5,66.73,67.15,6428771
20101027,KO,66.24,66.35,65.86,66.31,18971723
20101028,KO,66.65,67.07,66.49,66.72,19575313
20101029,KO,66.24,66.86,65.66,66.49,16063679
20101101,KO,65.26,65.47,65.15,65.4,8262254
20101102,KO,64.56,64.82,64.18,64.34,4038616
20101103,KO,63.81,64.06,63.63,63.79,8695419
20101104,KO,63.8,64.01,63.49,63.68,13019310
20101105,KO,63.12,63.26,63.07,63.12,4395128
20101108,KO,62.45,62.49,62.22,62.42,4288198
20101109,KO,64.04,64.61,63.97,64.17,1110510
20101110,KO,64.94,65.04,64.85,64.96,17381998
20101111,KO,65.57,65.76,65.15,65.43,15109652
20101112,KO,65.12,65.47,64.99,65.2,13412750
20101115,KO,66.47,66.7,66.02,66.62,5318837
20101116,KO,67.2,67.45,67.06,67.09,16883702
20101117,KO,65.89,66.0,65.51,65.69,18274654
20101118,KO,65.5,65.69,65.32,65.33,8231198
20101119,KO,65.67,65.97,65.66,65.76,13163625
20101122,KO,65.39,65.56,65.3,65.46,16000350
20101123,KO,66.1,66.51,65.87,65.96,7502409
20101124,KO,66.91,67.27,66.9,67.14,16737058
20101125,KO,67.99,68.7,67.55,68.04,9264155
20101126,KO,67.85,68.12,67.74,68.0,12892781
20101129,KO,67.7,67.9,67.36,67.89,15376689
20101130,KO,69.43,69.65,69.42,69.44,4777286
20101201,KO,68.33,68.42,68.19,68.23,13284683
20101202,KO,66.2,66.49,66.15,66.3,7358056
20101203,KO,65.97,66.09,65.71,66.08,10716816
20101206,KO,66.7,66.99,66.57,66.67,2345637
20101207,KO,67.67,67.84,67.14,67.5,18313909
20101208,KO,66.82,67.04,66.79,66.97,3790154
20101209,KO,65.71,66.35,65.18,66.24,13633306
20101210,KO,67.12,67.45,66.82,67.28,10495687
20101213,KO,66.1,66.67,66.05,66.39,18221875
20101214,KO,65.06,65.39,64.76,65.09,5449849
20101215,KO,65.47,65.72,65.16,65.62,2974050
20101216,KO,66.21,66.66,65.96,66.17,2527147
20101217,KO,66.23,66.44,66.13,66.27,10276276
20101220,KO,63.34,63.71,62.85,63.59,14850715
20101221,KO,62.16,62.67,62.15,62.27,5433575
20101222,KO,61.82,62.05,61.53,61.75,10217020
20101223,KO,59.7,59.92,59.61,59.62,10887528
20101224,KO,59.18,59.41,58.52,58.71,11687450
20101227,KO,59.23,59.32,59.14,59.19,17558605
20101228,KO,58.42,58.69,58.27,58.35,8121254
20101229,KO,57.48,57.52,57.2,57.37,12696765
20101230,KO,59.01,59.19,58.62,59.13,11955048
20101231,KO,58.89,58.89,58.45,58.46,14918532
20100104,IBM,130.8,131.37,130.13,130.38,14514650
20100105,IBM,131.74,132.48,130.6,131.67,1393550
20100106,IBM,129.69,130.04,128.36,129.65,3179575
20100107,IBM,131.04,131.28,129.43,130.68,15726001
20100108,IBM,127.49,128.12,127.32,127.68,16363083
20100111,IBM,127.93,127.93,127.14,127.86,6056658
20100112,IBM,127.99,128.28,127.27,127.32,9718720
20100113,IBM,126.84,126.97,126.44,126.94,5711146
20100114,IBM,125.9,126.08,125.11,125.96,3110688
20100115,IBM,125.78,126.19,125.45,126.17,4872164
20100118,IBM,127.37,127.51,126.84,126.88,3089714
20100119,IBM,128.17,128.9,126.89,127.62,8761027
20100120,IBM,130.79,131.18,129.99,130.55,9236766
20100121,IBM,129.09,129.39,128.58,128.98,14397058
20100122,IBM,130.71,131.49,128.71,130.65,17301631
20100125,IBM,131.73,131.91,131.26,131.63,6727907
20100126,IBM,134.72,134.8,134.45,134.54,3602206
20100127,IBM,131.41,132.03,130.44,131.51,2655868
20100128,IBM,131.57,132.72,131.0,132.01,16721632
20100129,IBM,133.37,133.49,133.06,133.2,1266531
20100201,IBM,133.63,134.37,133.45,134.36,2120621
20100202,IBM,133.89,134.24,133.68,133.93,15146230
20100203,IBM,133.2,134.09,132.86,133.08,13336158
20100204,IBM,130.65,130.82,129.98,130.49,10105611
20100205,IBM,128.93,129.71,128.34,129.35,9400806
20100208,IBM,128.28,128.48,127.29,127.71,13913716
20100209,IBM,127.61,128.07,126.27,126.73,17556400
20100210,IBM,128.35,129.46,128.11,128.7,13309249
20100211,IBM,129.75,130.52,128.96,129.18,4356093
20100212,IBM,128.43,129.2,127.3,128.47,19160513
20100215,IBM,128.12,129.15,127.52,128.47,12604880
20100216,IBM,126.33,127.96,126.21,126.91,19723474
20100217,IBM,125.06,125.61,124.51,124.94,18710850
20100218,IBM,125.69,126.19,124.47,125.21,12660125
20100219,IBM,126.34,126.66,124.94,126.12,8726680
20100222,IBM,127.13,128.01,126.96,127.43,15470028
20100223,IBM,124.81,125.42,124.48,125.0,18518402
20100224,IBM,124.48,125.57,124.22,124.89,17933915
20100225,IBM,126.87,127.23,126.38,127.14,18628963
20100226,IBM,126.34,126.46,125.4,125.81,7418332
20100301,IBM,125.56,126.12,124.79,125.71,5785257
20100302,IBM,126.9,127.23,126.13,126.45,10960787
20100303,IBM,126.73,127.01,126.32,126.66,9002648
20100304,IBM,126.27,126.84,126.08,126.23,3731886
20100305,IBM,125.04,125.33,124.73,124.84,14481926
20100308,IBM,126.13,126.2,125.69,125.89,8896106
20100309,IBM,128.71,128.99,128.13,128.33,11680479
20100310,IBM,127.3,128.8,126.54,128.77,11150688
20100311,IBM,126.36,126.95,126.24,126.41,3327990
20100312,IBM,129.42,130.09,128.93,129.2,8623565
20100315,IBM,125.81,126.28,125.66,126.22,5281350
20100316,IBM,126.38,127.05,126.15,126.28,16001145
20100317,IBM,127.62,128.28,127.29,127.49,5738399
20100318,IBM,127.66,127.73,126.7,127.67,13218150
20100319,IBM,126.25,126.61,125.77,125.94,2550750
20100322,IBM,124.18,125.63,124.0,124.08,15252865
20100323,IBM,124.83,125.74,124.17,124.53,15154675
20100324,IBM,123.16,123.46,122.35,122.93,5331407
20100325,IBM,119.47,120.9,118.45,120.0,13423554
20100326,IBM,121.73,121.85,121.29,121.59,14842566
20100329,IBM,121.84,123.25,120.96,121.07,18308234
20100330,IBM,121.64,122.33,120.91,121.29,5595815
20100331,IBM,119.49,120.85,119.43,120.27,11749224
20100401,IBM,119.26,120.74,118.69,120.48,12256488
20100402,IBM,119.26,120.29,119.21,119.54,15597442
20100405,IBM,118.48,119.29,118.31,118.34,13896339
20100406,IBM,117.54,117.69,116.45,117.12,3633207
20100407,IBM,116.11,116.27,116.01,116.17,19220309
20100408,IBM,114.55,114.68,114.3,114.31,11846421
20100409,IBM,113.62,114.61,112.48,113.7,3155173
20100412,IBM,114.63,115.16,114.36,114.47,7979309
20100413,IBM,114.17,114.37,113.14,113.65,15733224
20100414,IBM,111.56,111.9,111.48,111.65,16094848
20100415,IBM,112.65,113.63,112.5,112.76,10621496
20100416,IBM,111.97,113.1,111.64,112.12,17849789
20100419,IBM,114.84,114.9,114.34,114.39,15730841
20100420,IBM,113.79,114.25,112.89,113.49,5762738
20100421,IBM,112.43,113.14,112.15,112.25,18154813
20100422,IBM,111.28,111.56,111.14,111.23,2256670
20100423,IBM,111.83,113.1,111.24,112.49,4889370
20100426,IBM,110.06,111.18,109.48,110.24,5024365
20100427,IBM,110.92,111.43,110.57,111.03,14721758
20100428,IBM,112.88,113.3,112.08,112.77,14246196
20100429,IBM,114.4,114.4,114.09,114.39,2213619
20100430,IBM,112.45,113.26,112.27,113.21,16977259
20100503,IBM,115.08,115.55,114.4,114.8,12845098
20100504,IBM,113.5,114.06,112.9,113.89,6573165
20100505,IBM,114.09,114.49,113.27,114.18,4500239
20100506,IBM,113.86,114.22,113.12,113.6,2550573
20100507,IBM,113.46,113.54,112.68,112.77,15264813
20100510,IBM,109.3,109.83,109.1,109.54,15281530
20100511,IBM,108.15,109.14,107.95,108.58,12781708
20100512,IBM,110.06,110.57,110.05,110.07,9994532
20100513,IBM,111.16,111.93,110.99,111.29,5889121
20100514,IBM,111.9,112.27,111.67,111.9,8078309
20100517,IBM,112.36,112.91,111.94,112.62,19053114
20100518,IBM,111.39,111.89,110.82,111.47,7938724
20100519,IBM,112.08,113.29,111.36,112.44,3532173
20100520,IBM,110.43,111.06,110.22,110.95,2824426
20100521,IBM,110.03,110.41,109.62,109.67,15506847
20100524,IBM,109.69,109.7,109.31,109.6,7158338
20100525,IBM,112.74,113.14,112.67,112.87,17747158
20100526,IBM,109.52,109.61,108.97,109.12,7624111
20100527,IBM,110.29,110.63,109.93,110.34,15078808
20100528,IBM,112.74,113.05,112.5,112.92,16897810
20100531,IBM,113.52,113.68,113.27,113.66,6937416
20100601,IBM,113.61,114.27,113.47,113.61,8974575
20100602,IBM,109.03,110.12,108.9,109.58,16025291
20100603,IBM,111.83,112.58,111.81,112.02,11186185
20100604,IBM,110.46,111.19,110.19,111.11,1025030
20100607,IBM,108.75,109.44,108.3,109.34,6683257
20100608,IBM,112.23,113.12,111.28,112.63,3345592
20100609,IBM,114.46,115.27,114.43,114.68,15355436
20100610,IBM,113.04,114.73,112.94,113.66,17564477
20100611,IBM,116.39,116.81,116.22,116.31,2540408
20100614,IBM,119.43,120.03,118.6,119.01,9671654
20100615,IBM,120.06,120.56,119.23,119.84,7783835
20100616,IBM,120.75,121.1,120.11,120.62,11097632
20100617,IBM,125.86,126.02,124.52,125.45,9855734
20100618,IBM,125.64,126.44,125.46,125.64,18796639
20100621,IBM,125.54,126.21,125.3,125.34,9077565
20100622,IBM,127.92,128.45,127.76,128.02,3252065
20100623,IBM,128.43,128.49,127.97,128.27,19764733
20100624,IBM,125.19,125.98,124.61,125.39,3528646
20100625,IBM,127.85,128.33,127.35,128.0,13534871
20100628,IBM,132.36,133.01,131.34,132.55,1397682
20100629,IBM,131.88,131.96,131.35,131.85,15233285
20100630,IBM,130.56,131.01,129.85,130.03,17174729
20100701,IBM,132.97,133.83,132.66,132.68,15472221
20100702,IBM,134.27,134.86,134.21,134.65,3480220
20100705,IBM,134.56,134.8,133.95,134.24,16549859
20100706,IBM,138.8,138.88,136.84,138.15,14982499
20100707,IBM,138.67,138.93,138.0,138.63,14934122
20100708,IBM,133.27,133.31,132.8,132.88,12861131
20100709,IBM,133.31,133.6,132.84,133.15,5777724
20100712,IBM,134.74,135.33,134.19,134.82,4111098
20100713,IBM,135.61,136.79,135.5,136.06,14181820
20100714,IBM,134.65,134.89,133.25,134.03,18719551
20100715,IBM,131.78,132.53,130.91,131.89,18362487
20100716,IBM,129.39,130.63,128.76,130.04,10058525
20100719,IBM,132.03,132.23,131.0,131.25,13815820
20100720,IBM,131.22,131.49,129.74,130.95,13395092
20100721,IBM,129.18,129.7,128.45,129.12,19565551
20100722,IBM,127.97,128.04,127.72,128.0,8239787
20100723,IBM,128.32,128.63,127.61,128.09,2810939
20100726,IBM,126.62,127.57,126.45,126.79,9148250
20100727,IBM,128.6,128.94,127.81,128.37,8266898
20100728,IBM,130.47,130.77,130.46,130.74,3459358
20100729,IBM,136.4,137.55,135.4,136.75,8121564
20100730,IBM,139.26,139.61,138.43,138.9,1560011
20100802,IBM,136.8,137.13,136.06,136.23,3554800
20100803,IBM,133.65,134.94,133.6,134.27,17317700
20100804,IBM,133.51,134.25,133.29,133.39,18116688
20100805,IBM,135.04,135.54,134.71,135.54,6121281
20100806,IBM,131.45,132.05,130.54,131.71,7590159
20100809,IBM,129.01,129.63,128.59,129.36,13281479
20100810,IBM,131.58,131.63,130.93,131.04,2335871
20100811,IBM,130.3,130.75,129.6,130.47,11137040
20100812,IBM,130.75,130.94,130.73,130.93,19403179
20100813,IBM,130.6,130.82,129.84,130.33,6047773
20100816,IBM,130.86,130.95,129.52,130.59,17114952
20100817,IBM,128.89,129.8,128.36,129.44,16986778
20100818,IBM,130.36,130.71,129.68,130.7,2674999
20100819,IBM,132.6,133.06,131.61,132.21,14998512
20100820,IBM,126.67,126.71,125.87,126.6,6977195
20100823,IBM,126.58,127.63,126.5,127.16,19531628
20100824,IBM,125.42,125.74,125.23,125.35,8841296
20100825,IBM,125.89,126.65,125.71,126.25,4636204
20100826,IBM,125.98,126.73,125.47,126.18,9431129
20100827,IBM,126.44,127.01,125.98,126.36,8816150
20100830,IBM,126.57,127.35,126.42,126.88,11455961
20100831,IBM,129.4,130.28,129.29,129.89,5375394
20100901,IBM,133.07,133.52,132.44,133.35,11059839
20100902,IBM,131.35,131.5,130.36,131.14,18113191
20100903,IBM,131.78,132.64,131.68,131.75,10041651
20100906,IBM,135.25,135.45,134.95,135.26,8820198
20100907,IBM,135.7,135.98,134.67,135.72,16635514
20100908,IBM,135.87,136.76,135.02,135.63,4247300
20100909,IBM,134.84,135.81,134.48,135.7,4656184
20100910,IBM,137.63,138.68,137.31,138.09,3608691
20100913,IBM,136.64,137.08,136.15,136.52,6583631
20100914,IBM,135.42,136.68,134.56,135.97,16393073
20100915,IBM,133.17,133.8,132.44,133.1,1809281
20100916,IBM,136.06,136.19,135.79,135.95,19765994
20100917,IBM,135.37,136.13,135.31,135.91,12441123
20100920,IBM,134.97,135.03,134.28,134.65,1326171
20100921,IBM,139.65,140.01,139.29,140.01,10930632
20100922,IBM,138.69,139.04,138.3,138.96,14181085
20100923,IBM,136.37,136.86,135.43,135.85,14434776
20100924,IBM,134.62,135.69,133.52,135.02,7231522
20100927,IBM,136.4,137.4,134.83,135.15,19119362
20100928,IBM,133.93,134.11,132.46,133.97,1524595
20100929,IBM,135.95,136.05,135.23,135.36,9936516
20100930,IBM,135.55,137.15,135.13,136.08,7617032
20101001,IBM,139.68,139.92,138.34,139.26,8718860
20101004,IBM,137.59,138.38,135.87,137.56,13296151
20101005,IBM,138.45,138.59,137.6,138.25,19480120
20101006,IBM,135.63,136.85,135.58,136.17,15824649
20101007,IBM,137.71,137.74,137.26,137.68,6286808
20101008,IBM,136.49,137.33,136.29,137.29,14410697
20101011,IBM,138.17,138.72,137.42,138.38,12010944
20101012,IBM,142.35,143.04,141.41,142.13,12779175
20101013,IBM,140.94,141.47,140.3,140.92,4991179
20101014,IBM,136.07,136.2,135.85,135.98,18497480
20101015,IBM,134.55,135.66,134.5,134.52,4895974
20101018,IBM,133.43,133.68,132.62,133.14,11430901
20101019,IBM,134.68,135.28,134.18,135.27,9136413
20101020,IBM,139.33,139.78,138.52,138.79,14866566
20101021,IBM,133.73,134.33,133.61,134.2,3285313
20101022,IBM,135.54,136.75,135.3,135.63,2042332
20101025,IBM,135.08,136.28,134.99,135.26,9537561
20101026,IBM,133.12,133.38,132.89,133.07,9872686
20101027,IBM,132.42,132.9,131.51,132.79,4232104
20101028,IBM,131.53,131.61,131.15,131.54,6917783
20101029,IBM,133.22,133.69,131.29,132.81,3765498
20101101,IBM,131.11,132.52,130.8,131.4,3234445
20101102,IBM,134.37,134.67,133.43,133.78,15992975
20101103,IBM,131.25,132.6,131.03,131.68,1879149
20101104,IBM,128.59,128.96,127.76,128.81,6115637
20101105,IBM,125.52,127.23,124.44,125.98,10972530
20101108,IBM,130.74,131.82,129.7,130.54,12362323
20101109,IBM,130.98,131.8,130.79,130.81,5558062
20101110,IBM,132.32,133.03,131.05,132.7,18555519
20101111,IBM,132.29,132.95,131.49,132.09,2237818
20101112,IBM,130.28,130.72,129.42,130.05,7167301
20101115,IBM,128.93,129.73,128.66,129.03,17769405
20101116,IBM,128.07,128.48,127.63,128.48,8530938
20101117,IBM,124.4,125.2,123.8,124.26,1118284
20101118,IBM,125.76,125.91,125.57,125.74,16209791
20101119,IBM,124.75,125.69,124.53,124.54,15735977
20101122,IBM,126.61,127.21,125.92,126.42,11937211
20101123,IBM,127.78,128.0,127.63,127.7,1503336
20101124,IBM,125.23,125.46,124.98,125.03,11106396
20101125,IBM,121.71,121.96,120.97,121.48,13544289
20101126,IBM,121.86,123.52,121.6,122.24,1592759
20101129,IBM,122.36,123.36,122.14,122.71,9900892
20101130,IBM,125.98,126.68,124.99,125.85,16290833
20101201,IBM,125.95,126.31,125.88,126.06,6544410
20101202,IBM,125.01,125.28,124.75,124.94,17180362
20101203,IBM,124.26,124.38,123.34,123.82,16288679
20101206,IBM,122.42,122.87,121.65,121.99,14965624
20101207,IBM,123.12,123.86,123.01,123.17,12083483
20101208,IBM,124.6,124.77,124.32,124.35,3279291
20101209,IBM,129.03,129.58,128.65,129.55,17552433
20101210,IBM,133.8,134.03,133.68,134.01,6836254
20101213,IBM,133.52,133.73,133.3,133.62,16784161
20101214,IBM,132.09,132.58,131.87,132.32,18686838
20101215,IBM,129.14,129.43,128.85,129.1,16369183
20101216,IBM,128.74,130.45,127.77,129.14,2081100
20101217,IBM,123.68,123.83,122.83,123.57,6099488
20101220,IBM,127.47,128.89,126.75,128.13,1154053
20101221,IBM,126.75,127.39,126.0,126.98,4706667
20101222,IBM,128.22,128.62,127.39,127.92,17891878
20101223,IBM,125.72,126.07,125.6,125.9,14782379
20101224,IBM,128.11,128.2,127.36,127.89,6988987
20101227,IBM,128.14,129.2,127.47,127.83,5002059
20101228,IBM,128.2,128.71,127.67,128.11,16981647
20101229,IBM,129.56,129.85,128.45,128.8,16432864
20101230,IBM,128.29,128.48,127.47,128.08,19970319
20101231,IBM,130.06,130.61,129.98,130.1,19119173
20100104,JPM,39.28,39.56,39.16,39.32,6444386
20100105,JPM,39.3,39.49,39.16,39.24,12272278
20100106,JPM,38.53,38.78,38.37,38.59,3197248
20100107,JPM,38.53,38.56,38.31,38.55,8236449
20100108,JPM,38.21,38.21,38.03,38.04,17246772
20100111,JPM,38.99,39.02,38.49,38.84,12227030
20100112,JPM,38.77,38.81,38.48,38.76,5733346
20100113,JPM,38.17,38.35,38.07,38.2,17628141
20100114,JPM,38.32,38.74,38.17,38.49,12603235
20100115,JPM,37.61,37.78,37.4,37.51,10690269
20100118,JPM,37.18,37.42,37.01,37.26,2605058
20100119,JPM,36.98,37.13,36.88,37.1,13162240
20100120,JPM,37.93,38.02,37.42,37.83,12191186
20100121,JPM,38.32,38.62,38.11,38.24,12148127
20100122,JPM,38.15,38.39,38.02,38.37,12668625
20100125,JPM,38.66,38.71,38.48,38.6,15750082
20100126,JPM,38.68,38.83,38.44,38.56,11533005
20100127,JPM,38.64,38.8,38.49,38.66,4411916
20100128,JPM,38.71,38.83,38.44,38.6,4510164
20100129,JPM,38.83,39.13,38.71,38.74,11442662
20100201,JPM,39.54,39.65,39.42,39.56,7123928
20100202,JPM,38.6,38.85,38.56,38.74,18219749
20100203,JPM,37.51,37.64,37.25,37.51,16414582
20100204,JPM,37.53,37.66,37.34,37.35,11025293
20100205,JPM,36.77,36.88,36.69,36.76,12770601
20100208,JPM,36.4,36.7,36.39,36.58,2908235
20100209,JPM,36.75,36.76,36.52,36.53,3894384
20100210,JPM,36.18,36.41,36.13,36.31,19352710
20100211,JPM,36.23,36.46,36.18,36.27,5779078
20100212,JPM,36.22,36.31,35.91,36.03,17982511
20100215,JPM,35.59,35.76,35.37,35.49,1121901
20100216,JPM,35.6,35.69,35.46,35.51,15341472
20100217,JPM,35.43,35.75,35.15,35.43,5118034
20100218,JPM,36.01,36.03,35.91,36.01,18921166
20100219,JPM,35.6,35.64,35.49,35.55,6180653
20100222,JPM,35.63,35.76,35.3,35.5,7054266
20100223,JPM,35.29,35.29,34.94,35.25,6985635
20100224,JPM,34.79,34.96,34.78,34.78,8926760
20100225,JPM,33.99,34.0,33.75,33.76,10334494
20100226,JPM,33.25,33.27,32.96,33.26,14884773
20100301,JPM,33.17,33.21,32.88,33.19,16676158
20100302,JPM,33.19,33.36,33.12,33.15,19491298
20100303,JPM,32.94,33.14,32.81,32.99,15652999
20100304,JPM,32.59,32.66,32.55,32.61,19584773
20100305,JPM,31.78,31.82,31.75,31.76,18406951
20100308,JPM,31.54,31.77,31.48,31.61,14534736
20100309,JPM,31.64,31.7,31.58,31.61,17178284
20100310,JPM,30.83,31.16,30.75,30.98,12613167
20100311,JPM,31.05,31.32,30.99,31.0,7761800
20100312,JPM,31.48,31.51,31.3,31.42,4816417
20100315,JPM,31.15,31.28,31.11,31.19,3308488
20100316,JPM,31.28,31.32,31.18,31.24,11450286
20100317,JPM,30.85,31.21,30.68,30.99,5903260
20100318,JPM,30.97,30.99,30.72,30.86,18553713
20100319,JPM,30.9,30.96,30.81,30.96,8410155
20100322,JPM,31.02,31.28,30.92,31.15,14590402
20100323,JPM,31.32,31.38,30.99,31.26,2133113
20100324,JPM,30.74,30.81,30.63,30.8,19167138
20100325,JPM,30.09,30.16,30.08,30.1,12754688
20100326,JPM,29.06,29.19,29.03,29.09,1493011
20100329,JPM,28.96,29.21,28.83,28.87,16966125
20100330,JPM,28.31,28.46,28.15,28.43,3427883
20100331,JPM,27.84,27.96,27.77,27.85,5726942
20100401,JPM,27.5,27.66,27.38,27.63,15528011
20100402,JPM,27.61,27.82,27.58,27.65,18115455
20100405,JPM,28.05,28.15,27.86,27.96,8149495
20100406,JPM,27.45,27.56,27.16,27.52,1764818
20100407,JPM,28.29,28.34,28.12,28.14,12147120
20100408,JPM,28.31,28.32,28.19,28.29,11159631
20100409,JPM,28.96,28.96,28.75,28.81,13879248
20100412,JPM,29.02,29.21,28.98,29.1,18684971
20100413,JPM,28.39,28.64,28.28,28.43,12957924
20100414,JPM,28.4,28.4,28.31,28.4,17634658
20100415,JPM,28.85,29.0,28.67,28.98,2136710
20100416,JPM,28.73,28.74,28.3,28.55,7555912
20100419,JPM,29.08,29.17,28.8,28.97,2018745
20100420,JPM,30.14,30.27,30.06,30.13,10375405
20100421,JPM,30.13,30.19,29.98,30.02,9120596
20100422,JPM,30.09,30.2,30.03,30.19,8898989
20100423,JPM,30.14,30.26,30.06,30.1,5149122
20100426,JPM,29.89,30.02,29.74,29.87,8994310
20100427,JPM,30.28,30.55,30.09,30.37,19412207
20100428,JPM,30.44,30.65,30.32,30.33,13277786
20100429,JPM,29.69,29.86,29.61,29.75,2142072
20100430,JPM,29.51,29.72,29.44,29.64,5056620
20100503,JPM,29.36,29.43,29.1,29.43,18927896
20100504,JPM,28.9,29.17,28.83,29.1,7271756
20100505,JPM,28.91,29.15,28.86,28.89,1204975
20100506,JPM,29.89,30.32,29.84,30.12,4189255
20100507,JPM,29.58,30.06,29.33,29.82,14355363
20100510,JPM,29.71,29.85,29.71,29.78,17614624
20100511,JPM,29.52,29.83,29.42,29.66,18924471
20100512,JPM,29.02,29.09,28.91,29.06,18893166
20100513,JPM,30.29,30.32,30.06,30.27,7135914
20100514,JPM,30.65,30.76,30.6,30.63,3486602
20100517,JPM,30.74,30.8,30.69,30.7,14208518
20100518,JPM,31.51,31.52,31.37,31.49,15035106
20100519,JPM,31.15,31.39,31.15,31.36,15548873
20100520,JPM,31.46,31.69,31.39,31.57,1533982
20100521,JPM,31.56,31.74,31.41,31.65,19329428
20100524,JPM,31.65,31.84,31.56,31.64,14518195
20100525,JPM,32.35,32.5,31.97,32.23,15264009
20100526,JPM,32.96,33.27,32.87,33.07,19931542
20100527,JPM,33.78,33.82,33.47,33.75,14847940
20100528,JPM,33.57,33.76,33.44,33.51,14803060
20100531,JPM,33.88,34.03,33.5,33.78,12762986
20100601,JPM,33.73,33.94,33.56,33.81,2608745
20100602,JPM,33.8,34.02,33.68,33.9,6541872
20100603,JPM,33.64,33.71,33.38,33.47,6755854
20100604,JPM,33.41,33.5,33.17,33.31,17822304
20100607,JPM,33.86,34.0,33.79,33.83,15353692
20100608,JPM,34.52,34.57,34.31,34.55,3159752
20100609,JPM,34.92,35.1,34.75,34.9,7722484
20100610,JPM,34.75,34.93,34.55,34.87,7208216
20100611,JPM,34.69,34.82,34.55,34.77,11637001
20100614,JPM,35.01,35.11,34.96,35.07,9002282
20100615,JPM,34.64,34.71,34.47,34.65,14490871
20100616,JPM,35.43,35.49,35.17,35.34,19240804
20100617,JPM,34.76,34.8,34.68,34.75,18046802
20100618,JPM,34.22,34.5,33.94,34.04,6589658
20100621,JPM,34.37,34.42,34.13,34.32,15349312
20100622,JPM,33.66,33.73,33.3,33.54,18471909
20100623,JPM,34.02,34.11,33.82,33.95,11196084
20100624,JPM,34.23,34.51,34.02,34.4,13035904
20100625,JPM,33.66,33.74,33.49,33.62,15936359
20100628,JPM,33.56,33.82,33.5,33.52,12525252
20100629,JPM,33.78,33.99,33.7,33.8,19898158
20100630,JPM,33.77,33.86,33.54,33.68,11997892
20100701,JPM,33.56,33.67,33.54,33.59,3335273
20100702,JPM,33.88,34.13,33.76,34.04,2384081
20100705,JPM,33.72,33.84,33.69,33.77,11128336
20100706,JPM,34.23,34.27,34.04,34.21,14946829
20100707,JPM,33.81,34.1,33.65,33.95,6998591
20100708,JPM,34.12,34.22,34.01,34.04,18463534
20100709,JPM,34.93,34.97,34.86,34.95,7437302
20100712,JPM,34.88,34.96,34.71,34.72,16318873
20100713,JPM,34.38,34.55,34.33,34.52,18484328
20100714,JPM,34.48,34.66,34.44,34.6,14015407
20100715,JPM,34.36,34.4,34.25,34.31,8878899
20100716,JPM,34.01,34.25,33.81,34.1,4052572
20100719,JPM,33.67,33.72,33.48,33.69,19566699
20100720,JPM,33.83,33.85,33.65,33.7,19953176
20100721,JPM,33.11,33.25,33.01,33.17,4252737
20100722,JPM,33.41,33.65,33.17,33.47,6722490
20100723,JPM,33.18,33.26,33.13,33.2,19237932
20100726,JPM,33.29,33.62,33.23,33.41,15109769
20100727,JPM,33.31,33.55,33.23,33.37,10749552
20100728,JPM,33.24,33.26,33.06,33.1,1448576
20100729,JPM,33.58,33.62,33.43,33.51,19642475
20100730,JPM,33.21,33.35,33.04,33.26,10376366
20100802,JPM,33.85,33.96,33.46,33.7,19462553
20100803,JPM,34.36,34.71,34.36,34.37,7825757
20100804,JPM,34.66,34.79,34.52,34.7,18278503
20100805,JPM,34.58,34.78,34.51,34.63,16623521
20100806,JPM,34.59,34.7,34.51,34.51,13232506
20100809,JPM,33.81,33.94,33.5,33.86,17055156
20100810,JPM,33.61,33.93,33.33,33.89,2818055
20100811,JPM,32.93,33.3,32.83,32.96,12120243
20100812,JPM,33.29,33.48,33.05,33.21,17637268
20100813,JPM,33.22,33.24,33.17,33.23,9947104
20100816,JPM,33.16,33.17,32.82,33.09,2611417
20100817,JPM,32.56,32.68,32.44,32.46,16513538
20100818,JPM,32.46,32.71,32.4,32.43,6991539
20100819,JPM,32.4,32.58,32.38,32.45,16528665
20100820,JPM,33.37,33.62,33.33,33.55,13343544
20100823,JPM,34.55,34.74,34.48,34.72,8798747
20100824,JPM,33.98,34.04,33.7,33.97,7038603
20100825,JPM,34.56,34.91,34.4,34.58,8883411
20100826,JPM,33.57,33.68,33.48,33.51,4271160
20100827,JPM,32.29,32.53,32.16,32.32,2787786
20100830,JPM,32.79,32.82,32.7,32.74,18639226
20100831,JPM,32.36,32.49,32.16,32.46,12095882
20100901,JPM,31.93,32.2,31.75,32.01,6153978
20100902,JPM,31.5,31.91,31.5,31.77,5183006
20100903,JPM,31.54,31.62,31.47,31.57,5207859
20100906,JPM,31.58,31.63,31.5,31.52,5159948
20100907,JPM,31.02,31.13,30.78,31.05,2149865
20100908,JPM,32.68,32.83,32.65,32.71,6700960
20100909,JPM,31.41,31.44,31.34,31.37,4576903
20100910,JPM,31.49,31.57,31.31,31.42,4835176
20100913,JPM,30.98,31.03,30.87,30.9,11538037
20100914,JPM,31.19,31.3,31.07,31.28,3649679
20100915,JPM,30.77,30.86,30.58,30.81,13041700
20100916,JPM,30.66,30.86,30.55,30.72,10847692
20100917,JPM,30.57,30.89,30.33,30.53,7018586
20100920,JPM,30.37,30.58,30.23,30.5,14266541
20100921,JPM,30.36,30.37,30.22,30.32,6469444
20100922,JPM,30.92,30.97,30.79,30.84,8574848
20100923,JPM,30.43,30.51,30.25,30.49,1340342
20100924,JPM,29.96,30.08,29.89,30.05,8544880
20100927,JPM,29.35,29.51,29.22,29.33,17999309
20100928,JPM,29.7,29.7,29.57,29.59,2299112
20100929,JPM,28.95,28.98,28.82,28.86,19463863
20100930,JPM,28.83,28.87,28.7,28.77,12500357
20101001,JPM,28.32,28.61,28.26,28.5,3690137
20101004,JPM,28.6,28.63,28.51,28.54,12492539
20101005,JPM,29.07,29.28,28.92,28.92,5150363
20101006,JPM,29.2,29.24,29.17,29.18,12227196
20101007,JPM,29.6,29.74,29.25,29.58,3049930
20101008,JPM,29.88,29.94,29.46,29.82,13652316
20101011,JPM,29.9,30.03,29.77,29.79,19039348
20101012,JPM,30.29,30.46,29.99,30.17,9324355
20101013,JPM,30.25,30.45,30.24,30.3,18547822
20101014,JPM,30.31,30.35,30.14,30.35,5767318
20101015,JPM,30.39,30.39,30.29,30.39,8273213
20101018,JPM,30.1,30.23,29.98,29.98,3252135
20101019,JPM,30.39,30.42,30.24,30.39,4533654
20101020,JPM,30.54,30.63,30.5,30.62,8145950
20101021,JPM,30.41,30.55,30.37,30.5,4676925
20101022,JPM,30.76,30.89,30.75,30.79,15446518
20101025,JPM,30.57,30.74,30.42,30.63,4607920
20101026,JPM,29.6,29.64,29.39,29.6,13863656
20101027,JPM,29.27,29.42,29.26,29.28,17206214
20101028,JPM,29.75,29.84,29.62,29.65,9633827
20101029,JPM,29.71,29.82,29.59,29.76,13858137
20101101,JPM,28.83,28.91,28.78,28.8,13245165
20101102,JPM,28.48,28.63,28.42,28.49,7437336
20101103,JPM,28.54,28.76,28.38,28.64,4490943
20101104,JPM,29.05,29.11,29.02,29.11,6958133
20101105,JPM,28.76,28.83,28.7,28.81,19730228
20101108,JPM,29.34,29.42,29.21,29.31,12790053
20101109,JPM,29.26,29.57,29.11,29.35,17521904
20101110,JPM,28.9,29.02,28.76,28.77,15444873
20101111,JPM,27.78,27.88,27.6,27.87,19365957
20101112,JPM,27.58,27.62,27.52,27.52,13020335
20101115,JPM,27.73,27.77,27.65,27.76,13964678
20101116,JPM,27.74,27.84,27.52,27.57,5091247
20101117,JPM,26.95,27.0,26.83,26.94,3003033
20101118,JPM,26.73,26.91,26.58,26.71,17360721
20101119,JPM,26.73,26.94,26.68,26.8,15471925
20101122,JPM,26.64,26.67,26.5,26.56,1404934
20101123,JPM,26.98,27.01,26.84,26.94,6954237
20101124,JPM,26.72,26.82,26.71,26.81,14228931
20101125,JPM,26.53,26.71,26.38,26.6,15276341
20101126,JPM,26.57,26.61,26.52,26.54,16969674
20101129,JPM,26.35,26.49,26.32,26.45,7923155
20101130,JPM,26.46,26.55,26.35,26.42,8230552
20101201,JPM,26.52,26.54,26.51,26.51,13296871
20101202,JPM,26.85,26.89,26.7,26.73,8966165
20101203,JPM,27.2,27.29,26.98,27.03,3575781
20101206,JPM,27.06,27.26,27.0,27.23,14141734
20101207,JPM,27.33,27.56,27.12,27.38,9297490
20101208,JPM,27.7,27.71,27.67,27.68,16132278
20101209,JPM,28.28,28.41,28.21,28.4,17827211
20101210,JPM,28.68,28.72,28.58,28.71,10211964
20101213,JPM,29.37,29.44,29.31,29.35,10910824
20101214,JPM,29.53,29.54,29.21,29.42,5167900
20101215,JPM,29.92,30.07,29.84,29.99,8170204
20101216,JPM,30.61,30.69,30.46,30.66,5592902
20101217,JPM,29.93,30.02,29.87,30.0,9446485
20101220,JPM,29.74,29.99,29.56,29.86,17654653
20101221,JPM,29.05,29.22,28.96,29.21,3713351
20101222,JPM,29.26,29.34,29.13,29.22,10499012
20101223,JPM,29.44,29.54,29.21,29.35,4155491
20101224,JPM,28.54,28.73,28.48,28.48,14027065
20101227,JPM,28.61,28.63,28.37,28.54,19039200
20101228,JPM,28.29,28.47,28.22,28.44,19102126
20101229,JPM,28.25,28.31,28.13,28.17,18745648
20101230,JPM,28.37,28.51,28.27,28.49,19017410
20101231,JPM,29.08,29.23,28.99,29.04,7003307
20100104,PFE,16.88,16.93,16.76,16.9,1722992
20100105,PFE,16.98,17.06,16.92,16.97,16105867
20100106,PFE,17.14,17.2,17.05,17.07,5618717
20100107,PFE,17.01,17.02,16.89,17.01,12483331
20100108,PFE,17.28,17.33,17.15,17.27,13149879
20100111,PFE,17.29,17.44,17.18,17.25,12716947
20100112,PFE,17.27,17.29,17.2,17.25,10591396
20100113,PFE,17.55,17.68,17.5,17.54,14762642
20100114,PFE,17.27,17.32,17.21,17.25,2558024
20100115,PFE,17.21,17.3,17.2,17.23,6369811
20100118,PFE,17.23,17.46,17.2,17.29,14447065
20100119,PFE,17.53,17.6,17.49,17.49,11274328
20100120,PFE,17.32,17.37,17.27,17.37,8814460
20100121,PFE,17.28,17.29,17.18,17.28,5486121
20100122,PFE,17.83,18.0,17.7,17.91,8639169
20100125,PFE,18.01,18.04,17.9,17.98,4027126
20100126,PFE,18.24,18.27,18.14,18.15,11631205
20100127,PFE,17.71,17.77,17.54,17.69,13037669
20100128,PFE,17.89,18.03,17.88,17.95,16678128
20100129,PFE,18.1,18.24,18.0,18.16,17361273
20100201,PFE,18.75,18.86,18.72,18.75,14536893
20100202,PFE,18.64,18.69,18.61,18.62,6381596
20100203,PFE,18.4,18.5,18.39,18.47,7889399
20100204,PFE,18.5,18.6,18.44,18.49,5276089
20100205,PFE,18.3,18.55,18.19,18.42,15491467
20100208,PFE,17.96,18.1,17.87,17.99,14505659
20100209,PFE,18.27,18.28,18.16,18.24,2274272
20100210,PFE,18.46,18.55,18.36,18.54,11500310
20100211,PFE,18.51,18.51,18.39,18.44,4695676
20100212,PFE,18.12,18.22,18.04,18.22,5120743
20100215,PFE,18.27,18.47,18.26,18.28,5716020
20100216,PFE,18.08,18.16,18.08,18.12,12982978
20100217,PFE,17.13,17.21,17.09,17.18,9874276
20100218,PFE,17.06,17.15,17.04,17.12,3029572
20100219,PFE,17.27,17.31,17.22,17.28,19503131
20100222,PFE,17.38,17.43,17.25,17.41,10448013
20100223,PFE,17.55,17.63,17.44,17.59,12869381
20100224,PFE,17.65,17.7,17.58,17.64,18516443
20100225,PFE,17.74,17.75,17.54,17.65,10100632
20100226,PFE,17.88,17.92,17.84,17.87,10383405
20100301,PFE,17.96,18.03,17.87,17.91,4621235
20100302,PFE,18.15,18.32,18.11,18.24,12104511
20100303,PFE,18.44,18.56,18.36,18.49,10057188
20100304,PFE,18.87,18.96,18.86,18.88,10779327
20100305,PFE,18.75,18.87,18.68,18.76,10937249
20100308,PFE,18.85,18.89,18.81,18.81,16039840
20100309,PFE,19.07,19.13,18.86,19.0,14494011
20100310,PFE,19.41,19.49,19.4,19.43,9268760
20100311,PFE,19.37,19.43,19.12,19.23,2682895
20100312,PFE,19.91,19.97,19.88,19.94,17736449
20100315,PFE,19.95,20.03,19.89,19.98,5051852
20100316,PFE,19.63,19.65,19.58,19.62,12254176
20100317,PFE,20.1,20.28,19.97,20.06,5337591
20100318,PFE,20.3,20.34,20.24,20.26,16522783
20100319,PFE,19.48,19.6,19.4,19.48,7028955
20100322,PFE,19.69,19.72,19.58,19.68,7334911
20100323,PFE,19.82,19.83,19.81,19.82,4553823
20100324,PFE,20.15,20.25,20.08,20.15,8699756
20100325,PFE,20.41,20.44,20.2,20.42,9010866
20100326,PFE,20.32,20.38,20.2,20.31,9975930
20100329,PFE,20.75,20.77,20.61,20.72,19377167
20100330,PFE,20.46,20.61,20.27,20.51,16915781
20100331,PFE,20.93,21.03,20.85,20.96,9833582
20100401,PFE,20.99,21.04,20.83,20.94,16884606
20100402,PFE,21.07,21.22,20.88,21.1,10587085
20100405,PFE,21.26,21.33,21.19,21.25,14433756
20100406,PFE,21.31,21.47,21.29,21.35,9104740
20100407,PFE,21.12,21.33,21.1,21.18,18355089
20100408,PFE,20.93,21.01,20.75,20.84,7366408
20100409,PFE,20.93,20.93,20.91,20.91,8586142
20100412,PFE,21.23,21.32,21.14,21.29,15589481
20100413,PFE,22.25,22.44,22.17,22.35,16716033
20100414,PFE,22.2,22.25,22.15,22.24,15627650
20100415,PFE,22.98,23.04,22.76,22.92,5151666
20100416,PFE,22.83,22.88,22.63,22.83,16977430
20100419,PFE,23.21,23.23,23.17,23.19,12491024
20100420,PFE,23.4,23.47,23.16,23.28,1776243
20100421,PFE,23.38,23.56,23.31,23.45,2352833
20100422,PFE,23.5,23.6,23.47,23.55,9016700
20100423,PFE,22.66,22.77,22.39,22.55,16818530
20100426,PFE,22.52,22.61,22.49,22.5,14032739
20100427,PFE,23.12,23.19,23.04,23.17,19965354
20100428,PFE,22.97,23.07,22.94,23.02,3893605
20100429,PFE,22.9,23.04,22.89,22.98,16586998
20100430,PFE,23.88,23.94,23.69,23.85,9593306
20100503,PFE,24.37,24.41,24.1,24.36,17666994
20100504,PFE,24.27,24.31,24.15,24.18,14593509
20100505,PFE,24.42,24.56,24.38,24.46,17699477
20100506,PFE,23.68,23.78,23.58,23.71,15848662
20100507,PFE,23.75,23.88,23.66,23.82,7900534
20100510,PFE,23.89,24.06,23.85,23.95,19639693
20100511,PFE,23.98,24.03,23.75,23.85,4383383
20100512,PFE,23.58,23.69,23.53,23.62,8479975
20100513,PFE,24.12,24.15,23.99,24.11,5419061
20100514,PFE,24.43,24.6,24.35,24.56,4587854
20100517,PFE,24.43,24.53,24.27,24.46,10040764
20100518,PFE,24.43,24.44,24.29,24.34,9377130
20100519,PFE,24.36,24.4,24.35,24.36,9117530
20100520,PFE,23.93,24.08,23.91,23.98,13768705
20100521,PFE,24.26,24.33,24.16,24.21,4597083
20100524,PFE,24.3,24.37,24.18,24.28,7532759
20100525,PFE,24.08,24.1,24.02,24.07,18458629
20100526,PFE,23.42,23.57,23.18,23.25,10618986
20100527,PFE,22.89,23.07,22.83,22.96,16163981
20100528,PFE,22.53,22.62,22.5,22.6,10476850
20100531,PFE,23.25,23.41,23.13,23.19,5843807
20100601,PFE,23.29,23.47,23.11,23.37,4904927
20100602,PFE,23.34,23.37,23.11,23.27,17797754
20100603,PFE,23.37,23.42,23.3,23.35,16660711
20100604,PFE,23.07,23.17,22.99,23.09,12454868
20100607,PFE,23.0,23.14,22.91,23.11,15270861
20100608,PFE,23.01,23.08,22.93,23.06,13085021
20100609,PFE,23.1,23.31,22.97,23.16,15747006
20100610,PFE,22.96,23.12,22.87,23.02,6480004
20100611,PFE,22.29,22.42,22.21,22.33,3403606
20100614,PFE,22.23,22.32,22.23,22.28,5828382
20100615,PFE,22.64,22.82,22.46,22.61,14555577
20100616,PFE,22.57,22.69,22.46,22.5,6546907
20100617,PFE,22.29,22.31,22.26,22.27,16158652
20100618,PFE,22.22,22.35,22.2,22.22,6825332
20100621,PFE,22.36,22.4,22.29,22.34,18820323
20100622,PFE,22.31,22.42,22.08,22.21,9934505
20100623,PFE,22.23,22.33,22.14,22.18,3157995
20100624,PFE,22.64,22.66,22.59,22.62,9231714
20100625,PFE,23.02,23.18,22.88,22.88,6189783
20100628,PFE,22.7,22.79,22.61,22.74,15006680
20100629,PFE,22.84,23.03,22.83,22.9,2961724
20100630,PFE,22.65,22.73,22.59,22.68,12841957
20100701,PFE,22.48,22.54,22.34,22.41,4415136
20100702,PFE,22.58,22.63,22.57,22.58,6007673
20100705,PFE,22.73,22.96,22.62,22.66,3236214
20100706,PFE,22.41,22.5,22.26,22.41,11413117
20100707,PFE,22.48,22.5,22.46,22.49,8787743
20100708,PFE,22.5,22.63,22.33,22.37,8882961
20100709,PFE,21.84,21.96,21.7,21.91,8211602
20100712,PFE,21.56,21.62,21.56,21.59,7066954
20100713,PFE,21.42,21.6,21.29,21.43,6365907
20100714,PFE,21.61,21.76,21.52,21.72,13873657
20100715,PFE,21.56,21.59,21.48,21.55,5407671
20100716,PFE,21.43,21.56,21.3,21.52,5214920
20100719,PFE,21.53,21.56,21.47,21.48,11804608
20100720,PFE,21.14,21.32,21.09,21.28,13375652
20100721,PFE,21.05,21.07,20.91,21.07,15430432
20100722,PFE,21.32,21.55,21.17,21.27,18812700
20100723,PFE,21.06,21.07,21.02,21.02,15188379
20100726,PFE,20.81,20.88,20.78,20.83,15236784
20100727,PFE,21.45,21.65,21.3,21.5,15241736
20100728,PFE,21.03,21.14,20.97,21.07,6985121
20100729,PFE,20.46,20.52,20.39,20.49,13940448
20100730,PFE,20.17,20.44,20.16,20.29,16662599
20100802,PFE,20.25,20.35,20.13,20.21,16874887
20100803,PFE,20.04,20.15,20.04,20.12,13025881
20100804,PFE,20.21,20.26,20.15,20.2,6107599
20100805,PFE,19.97,20.03,19.87,19.99,17233121
20100806,PFE,19.9,20.02,19.85,19.98,3695337
20100809,PFE,20.36,20.4,20.32,20.4,10062192
20100810,PFE,20.4,20.44,20.39,20.43,18925101
20100811,PFE,20.54,20.87,20.36,20.67,19726092
20100812,PFE,20.81,20.89,20.72,20.75,3228564
20100813,PFE,20.63,20.71,20.51,20.55,19636405
20100816,PFE,20.57,20.58,20.46,20.49,15585577
20100817,PFE,20.64,20.73,20.55,20.65,12262304
20100818,PFE,20.38,20.4,20.34,20.4,19741823
20100819,PFE,19.81,19.98,19.67,19.89,15388097
20100820,PFE,19.79,19.93,19.76,19.79,1107035
20100823,PFE,19.88,19.97,19.81,19.91,19985358
20100824,PFE,19.66,19.73,19.59,19.71,11916110
20100825,PFE,19.81,19.92,19.68,19.81,18568749
20100826,PFE,20.35,20.44,20.29,20.43,5499935
20100827,PFE,20.21,20.5,20.1,20.31,17398402
20100830,PFE,20.16,20.36,20.12,20.28,3886438
20100831,PFE,20.46,20.47,20.36,20.4,18628899
20100901,PFE,20.71,20.74,20.65,20.67,8434896
20100902,PFE,20.81,20.86,20.69,20.75,4339330
20100903,PFE,20.77,20.8,20.57,20.72,16622579
20100906,PFE,20.93,21.01,20.9,20.92,4021004
20100907,PFE,21.05,21.1,20.96,20.98,12706046
20100908,PFE,20.65,20.73,20.56,20.63,13164684
20100909,PFE,20.51,20.65,20.42,20.56,6098978
20100910,PFE,20.59,20.62,20.46,20.57,3753203
20100913,PFE,20.17,20.35,20.11,20.21,16807860
20100914,PFE,20.6,20.67,20.53,20.59,2386283
20100915,PFE,20.8,20.95,20.73,20.84,17329900
20100916,PFE,20.85,20.93,20.73,20.84,19129751
20100917,PFE,21.26,21.32,21.09,21.19,17830699
20100920,PFE,21.14,21.38,21.07,21.21,2425267
20100921,PFE,20.89,20.98,20.86,20.91,8520371
20100922,PFE,20.86,20.99,20.86,20.93,3110343
20100923,PFE,20.85,20.95,20.77,20.85,5705504
20100924,PFE,20.25,20.31,20.03,20.13,16333025
20100927,PFE,20.06,20.1,20.0,20.06,12283730
20100928,PFE,20.5,20.58,20.4,20.49,8433958
20100929,PFE,20.57,20.71,20.48,20.59,7890936
20100930,PFE,20.63,20.76,20.57,20.65,8617803
20101001,PFE,20.66,20.87,20.66,20.71,16758390
20101004,PFE,21.1,21.11,20.98,21.06,4887780
20101005,PFE,20.72,20.73,20.47,20.65,3885688
20101006,PFE,20.16,20.32,20.13,20.27,6760207
20101007,PFE,20.45,20.53,20.38,20.38,5248435
20101008,PFE,20.59,20.73,20.52,20.57,5248343
20101011,PFE,20.08,20.18,20.07,20.13,12100669
20101012,PFE,20.27,20.54,20.2,20.4,18163959
20101013,PFE,19.46,19.54,19.46,19.5,16683581
20101014,PFE,19.32,19.35,19.31,19.33,17855248
20101015,PFE,19.39,19.42,19.39,19.39,17041412
20101018,PFE,19.33,19.41,19.24,19.38,10984641
20101019,PFE,19.63,19.64,19.56,19.58,15196387
20101020,PFE,19.24,19.34,19.23,19.3,3151084
20101021,PFE,19.14,19.17,19.08,19.13,11205708
20101022,PFE,18.79,18.87,18.73,18.84,10308300
20101025,PFE,19.05,19.22,18.96,18.98,3843779
20101026,PFE,18.88,18.9,18.84,18.86,13932949
20101027,PFE,18.84,18.87,18.72,18.86,12205652
20101028,PFE,18.86,18.94,18.84,18.84,12994453
20101029,PFE,18.7,18.72,18.66,18.67,2247898
20101101,PFE,19.18,19.2,19.1,19.15,19701998
20101102,PFE,19.5,19.69,19.42,19.46,11244382
20101103,PFE,19.28,19.36,19.23,19.24,14549770
20101104,PFE,19.18,19.26,19.13,19.2,4736441
20101105,PFE,19.2,19.24,19.06,19.21,8502265
20101108,PFE,19.12,19.26,19.03,19.15,4980487
20101109,PFE,19.64,19.68,19.49,19.66,13608167
20101110,PFE,20.0,20.07,19.94,19.97,14366114
20101111,PFE,20.24,20.26,20.09,20.16,13200192
20101112,PFE,19.57,19.68,19.46,19.53,16894182
20101115,PFE,19.69,19.81,19.59,19.61,2649594
20101116,PFE,19.36,19.49,19.31,19.49,16749932
20101117,PFE,19.77,19.79,19.71,19.77,4281016
20101118,PFE,20.04,20.18,20.01,20.08,1154806
20101119,PFE,19.86,19.97,19.74,19.82,15950830
20101122,PFE,19.87,20.05,19.73,19.96,10616519
20101123,PFE,19.56,19.58,19.46,19.5,9866031
20101124,PFE,19.11,19.11,18.95,19.02,7958315
20101125,PFE,18.77,18.78,18.68,18.73,14831618
20101126,PFE,18.55,18.59,18.47,18.54,15690189
20101129,PFE,18.38,18.47,18.31,18.37,16051763
20101130,PFE,18.75,18.91,18.69,18.71,18311696
20101201,PFE,19.12,19.15,18.89,19.07,19941867
20101202,PFE,18.9,19.0,18.81,18.82,10302444
20101203,PFE,19.08,19.36,19.01,19.11,3504546
20101206,PFE,18.73,18.85,18.55,18.66,15761832
20101207,PFE,19.24,19.26,19.13,19.15,16616922
20101208,PFE,19.39,19.64,19.35,19.45,7458772
20101209,PFE,19.5,19.55,19.43,19.5,4739496
20101210,PFE,19.72,19.83,19.67,19.75,2522035
20101213,PFE,19.86,19.9,19.8,19.84,6935247
20101214,PFE,19.63,19.73,19.52,19.54,12109499
20101215,PFE,19.46,19.6,19.31,19.34,14044370
20101216,PFE,19.54,19.6,19.48,19.5,11986067
20101217,PFE,19.17,19.25,19.17,19.22,10576953
20101220,PFE,19.23,19.3,19.04,19.18,5864189
20101221,PFE,19.04,19.14,19.02,19.12,19395256
20101222,PFE,18.62,18.65,18.5,18.55,9656458
20101223,PFE,18.78,18.84,18.66,18.68,9953719
20101224,PFE,18.6,18.6,18.5,18.53,2504777
20101227,PFE,18.71,18.76,18.63,18.71,7334544
20101228,PFE,18.73,18.8,18.65,18.66,2530165
20101229,PFE,18.65,18.68,18.54,18.61,7562185
20101230,PFE,18.82,18.97,18.67,18.79,1473358
20101231,PFE,18.95,19.08,18.85,18.92,7959103
